 0.000139674 
 0.00793777 
 0.000180423 
 0.00014142 
 0.00014142 
 0.00014142 
 0.000640737 
 0.000158357 
 0.000151104 
 0.000324971 
 0.00014142 
 0.000229903 
 0.000143083 
 0.000214167 
 0.000175301 
 0.000270805 
 0.000145849 
 0.000274978 
 0.000602226 
 0.000935051 
 0.00059723 
 0.00014142 
 0.000145353 
 0.000280511 
 0.00014142 
 0.000238161 
 0.000954059 
 0.00126302 
 0.000685745 
 0.000369933 
 0.00037445 
 0.000410226 
 0.000492715 
 0.000463366 
 0.000278729 
 0.000415804 
 0.00190214 
 0.00181785 
 0.000365627 
 0.000698507 
 0.000367173 
 0.000426403 
 0.00158903 
 0.000771208 
 0.000301206 
 0.000473911 
 0.000249153 
 0.000301988 
 0.000238161 
 0.000238161 
 0.000139674 
 0.00169291 
 0.000421694 
 0.000313726 
 0.000299726 
 0.000300138 
 0.000326005 
 0.000299901 
 0.000299323 
 0.000286753 
 0.00159497 
 0.000188952 
 0.000329377 
 0.000260498 
 0.00027296 
 0.000260681 
 0.000253678 
 0.000283688 
 0.000327569 
 0.000549406 
 0.000372012 
 0.000355277 
 0.000801005 
 0.000235726 
 0.000195632 
 0.000200179 
 0.000157736 
 0.000184447 
 0.000169786 
 0.000347324 
 0.000418887 
 0.000228429 
 0.000205098 
 0.000222865 
 0.000604518 
 0.000337459 
 0.000442465 
 0.000604518 
 0.00036023 
 0.000611772 
 0.000611772 
 0.000638747 
 0.000364929 
 0.000141442 
 0.000141442 
 0.000141442 
 0.000141442 
 0.000141442 
 0.000141442 
 0.000141442 
 0.000141442 
 0.000154003 
 0.000141442 
 0.000141442 
 0.000141442 
 0.000323168 
 0.000199275 
 0.000168662 
 0.0001571 
 0.0001571 
 0.000211571 
 0.000247218 
 0.000168014 
 0.000157726 
 0.000196636 
 0.000190491 
 0.000163553 
 0.000236656 
 0.000353664 
 0.000243012 
 0.000231954 
 0.000243012 
 0.000291743 
 0.000256747 
 0.000257168 
 0.000264714 
 0.000159503 
 0.000159503 
 0.000157422 
 0.000154975 
 0.000148619 
 0.000911825 
 0.000149713 
 0.00014661 
 0.000153123 
 0.000159112 
 0.00016547 
 0.000237819 
 0.000146582 
 0.000149934 
 0.000143607 
 0.00015571 
 0.000174961 
 0.000162853 
 0.000186625 
 0.000143607 
 0.000143607 
 0.000335235 
 0.000152565 
 0.000171781 
 0.000171983 
 0.000145205 
 0.000165048 
 0.000145937 
 0.000195351 
 0.000157011 
 0.000197701 
 0.000293501 
 0.000197701 
 0.000250299 
 0.000210625 
 0.000197701 
 0.000195351 
 0.000201712 
 0.000195351 
 0.000210443 
 0.000195351 
 0.000170632 
 0.000170632 
 0.000170632 
 0.000170797 
 0.000170632 
 0.000167788 
 0.000333721 
 0.000348647 
 0.000338522 
 0.000338066 
 0.000145466 
 0.000207097 
 0.000169428 
 0.000169346 
 0.000156091 
 0.000166367 
 0.000177255 
 0.000166359 
 0.000169667 
 0.000172005 
 0.000166359 
 0.000175383 
 0.000160887 
 0.000176976 
 0.000162976 
 0.00038906 
 0.000187012 
 0.000200531 
 0.000188506 
 0.000178839 
 0.000198104 
 0.000188302 
 0.000512776 
 0.000194956 
 0.000197894 
 0.000166224 
 0.000187512 
 0.000213252 
 0.000157266 
 0.00015684 
 0.000162965 
 0.000181787 
 0.000168924 
 0.000144484 
 0.000432073 
 0.000339442 
 0.000359396 
 0.000357876 
 0.000339074 
 0.000400881 
 0.000269344 
 0.000149538 
 0.000152031 
 0.000386517 
 0.000386517 
 0.000141654 
 0.000334433 
 0.000158591 
 0.000170808 
 0.000156782 
 0.000158591 
 0.000215666 
 0.000158591 
 0.000152511 
 0.000144785 
 0.000144785 
 0.000144785 
 0.000155093 
 0.000158195 
 0.000144785 
 0.000144785 
 0.000144785 
 0.000204147 
 0.000149251 
 0.000171846 
 0.000144785 
 0.000151143 
 0.000151143 
 0.0001522 
 0.000144785 
 0.000324037 
 0.000169765 
 0.000151778 
 0.000154191 
 0.000183723 
 0.000147198 
 0.000146981 
 0.000150219 
 0.000147199 
 0.000159046 
 0.000171455 
 0.000171455 
 0.000171455 
 0.000158546 
 0.000170468 
 0.000145477 
 0.000169699 
 0.000152854 
 0.000149409 
 0.000164783 
 0.000173664 
 0.000145477 
 0.000153041 
 0.000145055 
 0.000169679 
 0.00014907 
 0.00014806 
 0.000162874 
 0.000156669 
 0.000155211 
 0.000159827 
 0.000149049 
 0.000341315 
 0.000149388 
 0.000159421 
 0.000149409 
 0.000155324 
 0.000148242 
 0.000145477 
 0.000145477 
 0.000155241 
 0.000149409 
 0.000151448 
 0.000166029 
 0.000156507 
 0.000152296 
 0.000157158 
 0.00015725 
 0.000157057 
 0.000157473 
 0.000157574 
 0.000157057 
 0.000184136 
 0.000157057 
 0.000175436 
 0.000215762 
 0.00014414 
 0.000160487 
 0.00018291 
 0.000166167 
 0.000143539 
 0.00016488 
 0.000164702 
 0.000164904 
 0.000167055 
 0.000164702 
 0.000164702 
 0.000164702 
 0.000164702 
 0.000164702 
 0.000164702 
 0.000164702 
 0.000185662 
 0.000153461 
 0.000153708 
 0.000153708 
 0.000158166 
 0.000143339 
 0.000143339 
 0.000143339 
 0.000143339 
 0.000143339 
 0.000143339 
 0.000149369 
 0.000146878 
 0.000140096 
 0.000144707 
 0.000144707 
 0.000144707 
 0.000175398 
 0.000175398 
 0.000175398 
 0.000158591 
 0.000209748 
 0.000141654 
 0.000141654 
 0.000161334 
 0.000141418 
 0.000144068 
 0.000144068 
 0.000146088 
 0.000144068 
 0.000183398 
 0.00014308 
 0.000141418 
 0.000141418 
 0.000141418 
 0.000141418 
 0.000190913 
 0.000185844 
 0.000164047 
 0.000188654 
 0.000164047 
 0.000164047 
 0.000228117 
 0.000143628 
 0.000143628 
 0.000146776 
 0.000143628 
 0.000143628 
 0.000143628 
 0.000313915 
 0.000153641 
 0.000184126 
 0.000152071 
 0.000152071 
 0.000150336 
 0.000150193 
 0.000152071 
 0.000160574 
 0.000152071 
 0.000152071 
 0.000141306 
 0.000141306 
 0.000143439 
 0.000143439 
 0.000147556 
 0.000147556 
 0.000147556 
 0.000160581 
 0.000143761 
 0.000192998 
 0.000151547 
 0.00119057 
 0.000146743 
 0.000146743 
 0.000146743 
 0.000146743 
 0.000151547 
 0.000146743 
 0.000146743 
 0.000168754 
 0.000146743 
 0.000143304 
 0.000146743 
 0.000146743 
 0.000151547 
 0.000146743 
 0.000151547 
 0.000143304 
 0.000143304 
 0.000144164 
 0.000144164 
 0.000144164 
 0.000144164 
 0.000144164 
 0.000144164 
 0.000142983 
 0.000225976 
 0.000144302 
 0.000144302 
 0.000144302 
 0.000144302 
 0.000144302 
 0.000144302 
 0.000144302 
 0.000144302 
 0.00276932 
 0.000269445 
 0.000220359 
 0.000149106 
 0.000171799 
 0.000704014 
 0.000143398 
 0.000150372 
 0.000146339 
 0.000146339 
 0.000142609 
 0.000142609 
 0.000142609 
 0.000142609 
 0.000142609 
 0.000170596 
 0.000150613 
 0.00015965 
 0.00015965 
 0.00015965 
 0.000144354 
 0.000150915 
 0.000144354 
 0.000171874 
 0.0002391 
 0.000244941 
 0.000210146 
 0.00014706 
 0.000144669 
 0.000144669 
 0.000144669 
 0.000144669 
 0.000198533 
 0.000198533 
 0.000198533 
 0.000194055 
 0.000198533 
 0.000198854 
 0.000198854 
 0.000198854 
 0.000198533 
 0.000198533 
 0.000203115 
 0.000203115 
 0.000151231 
 0.000149568 
 0.000149568 
 0.000149568 
 0.000148556 
 0.000502634 
 0.000213936 
 0.000150966 
 0.000151937 
 0.000151937 
 0.000152303 
 0.000157246 
 0.000152098 
 0.000181331 
 0.000165527 
 0.000165527 
 0.000160858 
 0.000158375 
 0.000158375 
 0.000158375 
 0.000158375 
 0.000158375 
 0.000158375 
 0.000190703 
 0.000158375 
 0.000141694 
 0.000141694 
 0.000160599 
 0.000141694 
 0.000189615 
 0.000152278 
 0.000145246 
 0.000151581 
 0.000153111 
 0.0001432 
 0.0001432 
 0.000149981 
 0.000171362 
 0.000171362 
 0.000171362 
 0.000171362 
 0.000171362 
 0.000171362 
 0.000171362 
 0.000171362 
 0.000171362 
 0.000171362 
 0.000171362 
 0.000171462 
 0.000171362 
 0.000149472 
 0.000149472 
 0.000143045 
 0.000145089 
 0.000150394 
 0.000145089 
 0.000145089 
 0.000355272 
 0.000166394 
 0.000161431 
 0.000148955 
 0.000148955 
 0.000144103 
 0.000244349 
 0.000144103 
 0.000144103 
 0.000144103 
 0.000248847 
 0.000248847 
 0.000289604 
 0.000250531 
 0.000248847 
 0.000250531 
 0.000248847 
 0.000245233 
 0.000248847 
 0.000251286 
 0.000248847 
 0.000159904 
 0.000143618 
 0.000153846 
 0.000144979 
 0.000147395 
 0.000144979 
 0.000147012 
 0.000155669 
 0.00015586 
 0.00015586 
 0.000186995 
 0.000148917 
 0.000148917 
 0.000148917 
 0.000150295 
 0.000150295 
 0.000150295 
 0.000150295 
 0.000152549 
 0.000146928 
 0.000147899 
 0.000147899 
 0.000158483 
 0.000147899 
 0.000146928 
 0.000146928 
 0.000146928 
 0.000146928 
 0.000146928 
 0.000146928 
 0.000146928 
 0.000321798 
 0.00015069 
 0.00015069 
 0.000152951 
 0.000150258 
 0.000150258 
 0.000144736 
 0.000178962 
 0.000150258 
 0.000188524 
 0.000144736 
 0.000147482 
 0.000147482 
 0.000147482 
 0.000147482 
 0.000413222 
 0.000171903 
 0.000146928 
 0.000146928 
 0.000146928 
 0.000148658 
 0.000142668 
 0.000144373 
 0.000144373 
 0.000144373 
 0.000144373 
 0.000144373 
 0.000144373 
 0.000144373 
 0.000144373 
 0.000144373 
 0.000144373 
 0.000144373 
 0.00023144 
 0.000254584 
 0.000155883 
 0.000179828 
 0.000142917 
 0.000153937 
 0.000142788 
 0.000142788 
 0.000142788 
 0.000235486 
 0.000644453 
 0.000150957 
 0.000150637 
 0.0001502 
 0.000146547 
 0.000146547 
 0.000194413 
 0.000158121 
 0.000158121 
 0.000942677 
 0.000199421 
 0.000142032 
 0.000142032 
 0.000142032 
 0.000142032 
 0.000142032 
 0.000142032 
 0.000141603 
 0.000141603 
 0.000141603 
 0.000141603 
 0.000141603 
 0.000141603 
 0.000141603 
 0.000141603 
 0.000141603 
 0.000141603 
 0.000164496 
 0.000164496 
 0.000164496 
 0.000164602 
 0.000164496 
 0.000164496 
 0.000164496 
 0.000164496 
 0.000164786 
 0.000164602 
 0.000141519 
 0.000141519 
 0.000141519 
 0.000141519 
 0.000141519 
 0.000141519 
 0.000141519 
 0.00014455 
 0.00014455 
 0.000146831 
 0.000142587 
 0.000151291 
 0.000151008 
 0.000148599 
 0.000148599 
 0.000212364 
 0.000239108 
 0.000147492 
 0.000147578 
 0.000190113 
 0.000237987 
 0.000141907 
 0.000141907 
 0.000141907 
 0.000141907 
 0.000141907 
 0.000141907 
 0.000141907 
 0.000143 
 0.000152334 
 0.000152334 
 0.000152334 
 0.00014217 
 0.00014217 
 0.00014217 
 0.00014217 
 0.00014217 
 0.00014217 
 0.00014217 
 0.00014217 
 0.00014217 
 0.00014217 
 0.00014217 
 0.00014217 
 0.00014217 
 0.00014217 
 0.00014217 
 0.00014217 
 0.00014217 
 0.000142938 
 0.000142938 
 0.000144762 
 0.000185508 
 0.000140679 
 0.000185508 
 0.000140679 
 0.000140679 
 0.000140679 
 0.000140679 
 0.000140679 
 0.000140679 
 0.000140679 
 0.000140679 
 0.000140679 
 0.000144367 
 0.000140679 
 0.000144367 
 0.000140679 
 0.000140679 
 0.000140679 
 0.000140679 
 0.000140679 
 0.000140679 
 0.000140679 
 0.000140679 
 0.000140679 
 0.000140679 
 0.000140679 
 0.000140679 
 0.000140679 
 0.000140679 
 0.000140679 
 0.000140679 
 0.000140679 
 0.000140679 
 0.000140679 
 0.000140679 
 0.000185508 
 0.000140679 
 0.000140679 
 0.000140679 
 0.000140679 
 0.000140679 
 0.000164865 
 0.000140679 
 0.000140679 
 0.000140679 
 0.000144222 
 0.000144222 
 0.000144222 
 0.000144222 
 0.000144222 
 0.000144222 
 0.000144222 
 0.000144222 
 0.000152262 
 0.000152131 
 0.000152381 
 0.000185906 
 0.000154666 
 0.000142633 
 0.000152262 
 0.000152262 
 0.000142705 
 0.000142851 
 0.000142851 
 0.000142663 
 0.000145516 
 0.000145516 
 0.000142663 
 0.000142601 
 0.000142601 
 0.000142794 
 0.000142794 
 0.000182107 
 0.000142333 
 0.000150807 
 0.000150643 
 0.000150643 
 0.000150643 
 0.00014261 
 0.00014261 
 0.00014261 
 0.000142855 
 0.000142855 
 0.000142855 
 0.000145385 
 0.000145385 
 0.00014271 
 0.00014261 
 0.00014261 
 0.00014261 
 0.000141866 
 0.000145786 
 0.000147031 
 0.000145152 
 0.000146667 
 0.000146667 
 0.000146667 
 0.000146667 
 0.00014908 
 0.00014908 
 0.000152612 
 0.000152681 
 0.000152612 
 0.000152612 
 0.000152612 
 0.000152612 
 0.000154443 
 0.000154685 
 0.000153115 
 0.000152927 
 0.000152927 
 0.000152927 
 0.00116162 
 0.000212328 
 0.000149645 
 0.000145664 
 0.000178476 
 0.000154291 
 0.000647595 
 0.00014571 
 0.000144427 
 0.000153694 
 0.000153694 
 0.000153694 
 0.000153694 
 0.000153694 
 0.000155763 
 0.000186437 
 0.000159474 
 0.000221365 
 0.000246006 
 0.000196438 
 0.000174316 
 0.000151579 
 0.000151579 
 0.000151579 
 0.000151579 
 0.000151579 
 0.000151579 
 0.000151579 
 0.000151579 
 0.000151579 
 0.000151579 
 0.000151579 
 0.000151579 
 0.000151579 
 0.000151579 
 0.000151579 
 0.000151579 
 0.000151579 
 0.000151579 
 0.000151579 
 0.000151579 
 0.000151579 
 0.000151579 
 0.000151579 
 0.000151579 
 0.000151579 
 0.000151579 
 0.0001474 
 0.000142087 
 0.000142087 
 0.000143015 
 0.000144385 
 0.00014364 
 0.000188564 
 0.000189205 
 0.000173951 
 0.000173951 
 0.000168768 
 0.00096189 
 0.000166159 
 0.000166159 
 0.000166159 
 0.000166159 
 0.000166159 
 0.000166159 
 0.00020777 
 0.000166159 
 0.000145196 
 0.000188988 
 0.000145196 
 0.000164757 
 0.00018947 
 0.000164757 
 0.000164757 
 0.000147604 
 0.000147604 
 0.000147604 
 0.000147604 
 0.000140764 
 0.000140764 
 0.000140764 
 0.000140764 
 0.000140764 
 0.000140764 
 0.000140764 
 0.000140764 
 0.000140764 
 0.000140764 
 0.000140764 
 0.000140764 
 0.000140764 
 0.000140764 
 0.000140764 
 0.000140764 
 0.000140764 
 0.000140764 
 0.000143613 
 0.000140764 
 0.000143613 
 0.000140764 
 0.000140764 
 0.000152981 
 0.000140764 
 0.000140764 
 0.000140764 
 0.000140764 
 0.000140764 
 0.000140764 
 0.000140764 
 0.000143563 
 0.000140764 
 0.000140764 
 0.000140764 
 0.000143155 
 0.000144873 
 0.000144807 
 0.000168807 
 0.000142473 
 0.000142473 
 0.000142473 
 0.000142473 
 0.000143961 
 0.000143961 
 0.000164866 
 0.000165176 
 0.000153406 
 0.000153259 
 0.000150438 
 0.000153093 
 0.000153259 
 0.000157073 
 0.00016021 
 0.00016021 
 0.000160072 
 0.000161074 
 0.000201844 
 0.000147531 
 0.000147531 
 0.000144156 
 0.000157327 
 0.000157327 
 0.00016865 
 0.000157157 
 0.000157157 
 0.000157157 
 0.000157157 
 0.000168003 
 0.000168003 
 0.000209421 
 0.000143848 
 0.000161946 
 0.000162086 
 0.00016179 
 0.00016179 
 0.000161946 
 0.00016179 
 0.00016179 
 0.000165923 
 0.00014374 
 0.000249558 
 0.000155357 
 0.000155167 
 0.000155525 
 0.0001737 
 0.000155167 
 0.000147 
 0.000146675 
 0.000142868 
 0.0001465 
 0.00029332 
 0.00020612 
 0.0004003 
 0.0001465 
 0.000242171 
 0.000143409 
 0.000143409 
 0.000153997 
 0.000153749 
 0.000153749 
 0.000153749 
 0.000144156 
 0.000142781 
 0.000156851 
 0.000142781 
 0.000147571 
 0.000147244 
 0.000144156 
 0.000146614 
 0.00014346 
 0.00014346 
 0.000149636 
 0.000149427 
 0.000149427 
 0.000151129 
 0.000150846 
 0.000150846 
 0.000146635 
 0.000147147 
 0.000208401 
 0.000610316 
 0.000141823 
 0.000144219 
 0.000142723 
 0.000145538 
 0.000145538 
 0.000182676 
 0.000142968 
 0.000142086 
 0.000142775 
 0.000176069 
 0.000143073 
 0.000142775 
 0.000192294 
 0.00015453 
 0.000154679 
 0.00015453 
 0.000165058 
 0.000199981 
 0.000199981 
 0.000199981 
 0.000199981 
 0.000199981 
 0.000199981 
 0.000199981 
 0.000199981 
 0.000199981 
 0.000199981 
 0.000199981 
 0.000199981 
 0.000199981 
 0.000199981 
 0.000199981 
 0.000199981 
 0.000199981 
 0.000199981 
 0.000199981 
 0.000199981 
 0.000199981 
 0.000199981 
 0.000199981 
 0.000199981 
 0.000199981 
 0.000199981 
 0.000199981 
 0.000141235 
 0.000141235 
 0.000141235 
 0.000141235 
 0.000141235 
 0.000141235 
 0.000141235 
 0.000141235 
 0.000141235 
 0.000141235 
 0.000141235 
 0.000141235 
 0.000141235 
 0.000141235 
 0.000141235 
 0.000141235 
 0.000141235 
 0.000141235 
 0.000141235 
 0.000141235 
 0.000141235 
 0.000141235 
 0.000141235 
 0.000141235 
 0.000141235 
 0.000141235 
 0.000141235 
 0.000141235 
 0.000141235 
 0.000141235 
 0.000141235 
 0.00014163 
 0.000141476 
 0.000141476 
 0.000173571 
 0.000375782 
 0.000150464 
 0.000150464 
 0.000150464 
 0.000150464 
 0.000150464 
 0.000150464 
 0.000150464 
 0.000150464 
 0.000150464 
 0.000150464 
 0.000150464 
 0.000150464 
 0.000150464 
 0.000150464 
 0.000150464 
 0.000150464 
 0.000150464 
 0.000150464 
 0.000150464 
 0.000150464 
 0.000150464 
 0.000150464 
 0.000150464 
 0.000150464 
 0.000150464 
 0.000150464 
 0.000150464 
 0.000150464 
 0.000150464 
 0.000150464 
 0.000150464 
 0.000150464 
 0.000150464 
 0.000150464 
 0.000150464 
 0.000150464 
 0.000150464 
 0.000150464 
 0.000150464 
 0.000150464 
 0.000150464 
 0.000150464 
 0.000150464 
 0.000150464 
 0.000150464 
 0.000150464 
 0.000150464 
 0.000150464 
 0.000150464 
 0.000150464 
 0.000150464 
 0.000150464 
 0.000150464 
 0.000150464 
 0.000150464 
 0.000150464 
 0.000150464 
 0.000141325 
 0.000152091 
 0.000154669 
 0.000150356 
 0.000150213 
 0.000152091 
 0.000160595 
 0.000152091 
 0.000152091 
 0.000141325 
 0.000141325 
 0.000141907 
 0.000141907 
 0.000141907 
 0.000141907 
 0.000141907 
 0.000141907 
 0.000141907 
 0.000145313 
 0.000165264 
 0.000154064 
 0.000154064 
 0.000144379 
 0.000144379 
 0.000144379 
 0.000144379 
 0.000144379 
 0.000144379 
 0.000145722 
 0.000146299 
 0.000146299 
 0.000145722 
 0.000204127 
 0.000204127 
 0.000143154 
 0.000144724 
 0.000146999 
 0.000141516 
 0.000141516 
 0.000142065 
 0.000164281 
 0.00014596 
 0.00014596 
 0.00016695 
 0.00014596 
 0.00014596 
 0.00014596 
 0.00014596 
 0.000144438 
 0.000148738 
 0.000147325 
 0.000143067 
 0.000142926 
 0.000142926 
 0.000432604 
 0.000143013 
 0.000163218 
 0.000187701 
 0.000163218 
 0.000163218 
 0.000141544 
 0.000141544 
 0.000147278 
 0.000147278 
 0.000147278 
 0.000147278 
 0.000141388 
 0.000141388 
 0.000141751 
 0.000141751 
 0.000141751 
 0.000141751 
 0.000141751 
 0.000141751 
 0.000141751 
 0.000140645 
 0.000140645 
 0.000140645 
 0.000140645 
 0.000140645 
 0.000140645 
 0.000140645 
 0.000140645 
 0.000140645 
 0.000140645 
 0.000140645 
 0.000140645 
 0.000140645 
 0.000140645 
 0.000140645 
 0.000140645 
 0.000140645 
 0.000140645 
 0.000143267 
 0.000140645 
 0.000143267 
 0.000140645 
 0.000140645 
 0.000140645 
 0.000140645 
 0.000140645 
 0.000140645 
 0.000140645 
 0.000140645 
 0.000140645 
 0.000140645 
 0.000143328 
 0.000140645 
 0.000140645 
 0.000140645 
 0.000141561 
 0.000141561 
 0.000141561 
 0.000141561 
 0.000141561 
 0.000141561 
 0.000141561 
 0.000141561 
 0.000141561 
 0.000141561 
 0.000141956 
 0.000141956 
 0.000141956 
 0.000141956 
 0.000141956 
 0.00014308 
 0.000144797 
 0.00014473 
 0.000148562 
 0.000142516 
 0.000142516 
 0.000142516 
 0.000143424 
 0.000142091 
 0.000162557 
 0.000162557 
 0.000152908 
 0.000152908 
 0.000141552 
 0.000141552 
 0.000141552 
 0.000141919 
 0.000142358 
 0.000142358 
 0.000142358 
 0.000142358 
 0.000141734 
 0.000141734 
 0.000141734 
 0.000142933 
 0.000144079 
 0.000150272 
 0.00014196 
 0.00014196 
 0.000141998 
 0.000141998 
 0.000141998 
 0.000141998 
 0.000141998 
 0.000141998 
 0.000141998 
 0.000141998 
 0.000141998 
 0.000141998 
 0.000141998 
 0.000141274 
 0.000141274 
 0.000141274 
 0.000141274 
 0.000141274 
 0.000141274 
 0.000141274 
 0.000141274 
 0.000141274 
 0.000141274 
 0.000141274 
 0.000141274 
 0.000141274 
 0.000141274 
 0.000141274 
 0.000141274 
 0.000142735 
 0.000142724 
 0.000211108 
 0.000211108 
 0.000142582 
 0.000150608 
 0.000141145 
 0.000141145 
 0.000141145 
 0.000141145 
 0.000141145 
 0.000141145 
 0.000141145 
 0.000141145 
 0.000141145 
 0.000141145 
 0.000141145 
 0.000141145 
 0.000141145 
 0.000141145 
 0.000141145 
 0.000141145 
 0.000154348 
 0.000162841 
 0.000162841 
 0.000145614 
 0.000141274 
 0.000143117 
 0.000143117 
 0.000143117 
 0.00096476 
 0.000371424 
 0.000189746 
 0.000164275 
 0.000198606 
 0.00018929 
 0.0001646 
 0.0001646 
 0.000152948 
 0.00128758 
 0.000149498 
 0.00017126 
 0.000145616 
 0.000145616 
 0.000145616 
 0.000145616 
 0.000145616 
 0.000145616 
 0.000145616 
 0.000145616 
 0.000149161 
 0.000165471 
 0.000144813 
 0.000144813 
 0.000144813 
 0.000144813 
 0.000152678 
 0.000152678 
 0.000166909 
 0.000152678 
 0.000152678 
 0.000152678 
 0.000142766 
 0.000148954 
 0.000148335 
 0.000148335 
 0.00014256 
 0.00014256 
 0.00016204 
 0.000152874 
 0.000152874 
 0.000152874 
 0.000152874 
 0.000152874 
 0.000152874 
 0.000152874 
 0.000161246 
 0.000175806 
 0.000152874 
 0.000175005 
 0.000175005 
 0.000152874 
 0.000166693 
 0.000166693 
 0.000171693 
 0.000221055 
 0.000188641 
 0.000182746 
 0.000171693 
 0.000171693 
 0.000167821 
 0.000166693 
 0.000166693 
 0.000182457 
 0.000182457 
 0.000182457 
 0.000182457 
 0.000182457 
 0.000148711 
 0.000148711 
 0.000142989 
 0.000187569 
 0.0001436 
 0.000275846 
 0.000143486 
 0.000142231 
 0.00014134 
 0.00014134 
 0.00014134 
 0.00014134 
 0.00014134 
 0.00014134 
 0.00014134 
 0.00014134 
 0.00014134 
 0.00014134 
 0.00014134 
 0.000145922 
 0.000142451 
 0.000143874 
 0.000145387 
 0.000160281 
 0.000160085 
 0.000160281 
 0.000160085 
 0.000160085 
 0.000160281 
 0.00034069 
 0.000142419 
 0.000143935 
 0.000143935 
 0.000143935 
 0.000144256 
 0.000146528 
 0.000146528 
 0.000146528 
 0.000146528 
 0.000146528 
 0.000146528 
 0.000146528 
 0.000146528 
 0.000146528 
 0.000146528 
 0.00014345 
 0.00014345 
 0.00014345 
 0.00014345 
 0.000171833 
 0.000153037 
 0.000171833 
 0.000153037 
 0.000149606 
 0.000149606 
 0.000149308 
 0.000158267 
 0.000142157 
 0.000142157 
 0.000142157 
 0.000142157 
 0.000149308 
 0.000142157 
 0.000142157 
 0.00015934 
 0.00015934 
 0.000142157 
 0.000149308 
 0.000160953 
 0.000234745 
 0.000146826 
 0.000161954 
 0.000161954 
 0.000161954 
 0.000161954 
 0.000161954 
 0.000161954 
 0.000161954 
 0.000161954 
 0.000145995 
 0.000158578 
 0.000162069 
 0.000143188 
 0.000143188 
 0.000143188 
 0.000143188 
 0.000143188 
 0.000143188 
 0.000143188 
 0.000166186 
 0.000166186 
 0.000160179 
 0.00015439 
 0.000147093 
 0.000143188 
 0.000173454 
 0.000141656 
 0.000143717 
 0.000143717 
 0.000141911 
 0.000160991 
 0.000231108 
 0.000213151 
 0.000202709 
 0.000160991 
 0.000142523 
 0.000141147 
 0.000141337 
 0.000141337 
 0.000141337 
 0.000141337 
 0.000141337 
 0.000141337 
 0.000183128 
 0.000143861 
 0.000143165 
 0.000143165 
 0.000143165 
 0.000143165 
 0.000143165 
 0.000143165 
 0.000143165 
 0.000143165 
 0.000148157 
 0.000148157 
 0.000148157 
 0.000145922 
 0.000142762 
 0.000140909 
 0.000140909 
 0.000140909 
 0.000140909 
 0.000140909 
 0.000140909 
 0.000140909 
 0.000140909 
 0.000140909 
 0.000140909 
 0.000140909 
 0.000140909 
 0.000140909 
 0.000140909 
 0.000140909 
 0.000140909 
 0.000140909 
 0.000140909 
 0.000140909 
 0.000140909 
 0.000140909 
 0.000140909 
 0.000140909 
 0.000159818 
 0.000142189 
 0.000142189 
 0.000141639 
 0.000141639 
 0.000141639 
 0.000141639 
 0.000141639 
 0.000141639 
 0.000141639 
 0.000141639 
 0.000141639 
 0.000141639 
 0.000149428 
 0.000149428 
 0.000149428 
 0.000149428 
 0.000149428 
 0.000170914 
 0.000145456 
 0.000145456 
 0.000145456 
 0.000145456 
 0.000145456 
 0.000145456 
 0.000149445 
 0.000149445 
 0.000149445 
 0.000149445 
 0.000149445 
 0.000141517 
 0.000146362 
 0.0001447 
 0.0001447 
 0.0001447 
 0.0001447 
 0.0001447 
 0.000142123 
 0.000142123 
 0.000142123 
 0.000142123 
 0.000142123 
 0.000142123 
 0.000142123 
 0.000142123 
 0.000163441 
 0.000142123 
 0.000142123 
 0.000142123 
 0.000142123 
 0.00014137 
 0.000152137 
 0.000152137 
 0.000150402 
 0.000150259 
 0.000152137 
 0.000160644 
 0.000152137 
 0.000152137 
 0.00014137 
 0.00014137 
 0.000141994 
 0.000141994 
 0.000141994 
 0.000141994 
 0.000141994 
 0.000141994 
 0.000141994 
 0.00014436 
 0.00014436 
 0.00014436 
 0.00014436 
 0.00014436 
 0.00014436 
 0.00014436 
 0.00014436 
 0.000163809 
 0.00018838 
 0.000163809 
 0.000163809 
 0.000144263 
 0.000144263 
 0.000168927 
 0.000144263 
 0.000144263 
 0.000144263 
 0.000144263 
 0.000144263 
 0.000144263 
 0.000647569 
 0.000145686 
 0.000145958 
 0.000143124 
 0.000143124 
 0.000176639 
 0.000143124 
 0.000143124 
 0.000143124 
 0.000142244 
 0.000165318 
 0.000142244 
 0.000142244 
 0.000142244 
 0.000142244 
 0.000142244 
 0.000142244 
 0.000142244 
 0.000143035 
 0.000143035 
 0.000143035 
 0.000143035 
 0.000142587 
 0.000142587 
 0.000142587 
 0.000142587 
 0.000142587 
 0.000142587 
 0.000142835 
 0.000143035 
 0.000143035 
 0.000143035 
 0.000143035 
 0.000143035 
 0.000143035 
 0.000143035 
 0.000143035 
 0.000143035 
 0.000143035 
 0.000143035 
 0.000143035 
 0.000143035 
 0.000143035 
 0.000143035 
 0.000143035 
 0.000140938 
 0.000140938 
 0.000140938 
 0.000140938 
 0.000140938 
 0.000140938 
 0.000140938 
 0.000140938 
 0.000140938 
 0.000140938 
 0.000140938 
 0.000140938 
 0.000140938 
 0.000140938 
 0.000143035 
 0.000143035 
 0.000143035 
 0.000143035 
 0.000140938 
 0.000140938 
 0.000140938 
 0.000140938 
 0.000140938 
 0.000140938 
 0.000140938 
 0.000140938 
 0.000140938 
 0.000141685 
 0.000141685 
 0.000141685 
 0.000141685 
 0.000141685 
 0.000141685 
 0.000141685 
 0.000141685 
 0.000141685 
 0.000141685 
 0.000150735 
 0.000159779 
 0.000159779 
 0.000159779 
 0.000158774 
 0.000158774 
 0.00014208 
 0.00014208 
 0.00014208 
 0.00014208 
 0.00014208 
 0.00014208 
 0.000141643 
 0.000141643 
 0.000141643 
 0.000141643 
 0.000141643 
 0.000141643 
 0.000141643 
 0.000141643 
 0.000141643 
 0.000141643 
 0.000141557 
 0.000141557 
 0.000141557 
 0.000141557 
 0.000141557 
 0.000141557 
 0.000141557 
 0.000144651 
 0.000144651 
 0.000141954 
 0.000141954 
 0.000141954 
 0.000141954 
 0.000141954 
 0.000141954 
 0.000141954 
 0.000142222 
 0.000142222 
 0.000142222 
 0.000142222 
 0.000142222 
 0.000142222 
 0.000142222 
 0.000142222 
 0.000142222 
 0.000142222 
 0.000142222 
 0.000142222 
 0.000142222 
 0.000142222 
 0.000142222 
 0.000142222 
 0.000142222 
 0.000143006 
 0.000143006 
 0.000142768 
 0.000182986 
 0.000162818 
 0.000155068 
 0.000178287 
 0.000155068 
 0.000151758 
 0.000151758 
 0.000151758 
 0.000151758 
 0.000151758 
 0.000151758 
 0.000151758 
 0.000160068 
 0.000174521 
 0.000151758 
 0.000173726 
 0.000173726 
 0.000151758 
 0.000231992 
 0.000187111 
 0.000181486 
 0.000166006 
 0.000166006 
 0.000161018 
 0.000158528 
 0.000158528 
 0.000158528 
 0.000158528 
 0.000158528 
 0.000158528 
 0.000158528 
 0.000149643 
 0.000149643 
 0.000158621 
 0.000149643 
 0.000147152 
 0.000142721 
 0.000182155 
 0.000182155 
 0.000182155 
 0.000182155 
 0.000182155 
 0.00026829 
 0.000154357 
 0.000154357 
 0.000158567 
 0.000182246 
 0.000182246 
 0.000182325 
 0.000161011 
 0.000161011 
 0.000182556 
 0.000194306 
 0.000204311 
 0.000311014 
 0.000338472 
 0.000178395 
 0.000424205 
 0.000326371 
 0.000424205 
 0.000425331 
 0.000146752 
 0.000146752 
 0.000146752 
 0.000146752 
 0.000403932 
 0.000155864 
 0.000155864 
 0.000155864 
 0.000155864 
 0.000155864 
 0.000155864 
 0.000155864 
 0.000155864 
 0.000155864 
 0.000155864 
 0.000155864 
 0.000155864 
 0.000139928 
 0.000139928 
 0.000139928 
 0.000139928 
 0.000139928 
 0.000139928 
 0.000139928 
 0.000139928 
 0.000139928 
 0.000139928 
 0.000139928 
 0.000139928 
 0.000139928 
 0.000139928 
 0.000139928 
 0.000139928 
 0.000139928 
 0.000139928 
 0.000139928 
 0.000139928 
 0.000139928 
 0.000139928 
 0.000139928 
 0.000139928 
 0.000139928 
 0.000139928 
 0.000139928 
 0.000139928 
 0.000139928 
 0.000139928 
 0.000139928 
 0.000139928 
 0.000139928 
 0.000139928 
 0.000139928 
 0.000139928 
 0.000139928 
 0.000139928 
 0.000139928 
 0.000139928 
 0.000139928 
 0.000139928 
 0.000139928 
 0.000139928 
 0.000139928 
 0.000139928 
 0.000139928 
 0.000139928 
 0.000139928 
 0.000139928 
 0.000139928 
 0.000139928 
 0.000139928 
 0.000139928 
 0.000139928 
 0.000139928 
 0.000139928 
 0.000139928 
 0.000139928 
 0.000139928 
 0.000139928 
 0.000139928 
 0.000139928 
 0.000139928 
 0.000139928 
 0.000139928 
 0.000139928 
 0.000139928 
 0.000139928 
 0.000139928 
 0.000139928 
 0.000139928 
 0.000139928 
 0.000139928 
 0.000139928 
 0.000139928 
 0.000139928 
 0.000139928 
 0.000139928 
 0.000139928 
 0.000139928 
 0.000139928 
 0.000139928 
 0.000139928 
 0.000139928 
 0.000139928 
 0.000139928 
 0.000139928 
 0.000139928 
 0.000139928 
 0.000139928 
 0.000139928 
 0.000139928 
 0.000139928 
 0.000139928 
 0.000139928 
 0.000139928 
 0.000139928 
 0.000139928 
 0.000199814 
 0.000139928 
 0.000139928 
 0.000139928 
 0.000139928 
 0.000139928 
 0.000139928 
 0.000139928 
 0.000139928 
 0.000139928 
 0.000139928 
 0.000139928 
 0.000139928 
 0.000139928 
 0.000139928 
 0.000139928 
 0.000139928 
 0.000139928 
 0.000139928 
 0.000139928 
 0.000139928 
 0.000139928 
 0.000139928 
 0.000139928 
 0.000139928 
 0.000139928 
 0.000139928 
 0.000139928 
 0.000139928 
 0.000139928 
 0.000139928 
 0.000139928 
 0.000139928 
 0.000139928 
 0.000139928 
 0.000139928 
 0.000139928 
 0.000139928 
 0.000139928 
 0.000139928 
 0.000139928 
 0.000139928 
 0.000139928 
 0.000139928 
 0.000139928 
 0.000139928 
 0.000139928 
 0.000139928 
 0.000139928 
 0.000139928 
 0.000139928 
 0.000139928 
 0.000139928 
 0.000139928 
 0.000139928 
 0.000139928 
 0.000139928 
 0.000139928 
 0.000139928 
 0.000139928 
 0.000139928 
 0.000139928 
 0.000139928 
 0.000139928 
 0.000139928 
 0.000139928 
 0.000139928 
 0.000139928 
 0.000139928 
 0.000139928 
 0.000139928 
 0.000139928 
 0.000139928 
 0.000139928 
 0.000139928 
 0.000139928 
 0.000139928 
 0.000139928 
 0.000139928 
 0.000139928 
 0.000139928 
 0.000139928 
 0.000139928 
 0.000139928 
 0.000139928 
 0.000172436 
 0.000153636 
 0.000172436 
 0.000153636 
 0.000150075 
 0.000159079 
 0.000142283 
 0.000142283 
 0.000142283 
 0.000142283 
 0.000150075 
 0.000142283 
 0.000142283 
 0.000159527 
 0.000159527 
 0.000142283 
 0.000150075 
 0.000161083 
 0.000189522 
 0.000147466 
 0.000647579 
 0.000145695 
 0.000145974 
 0.000164388 
 0.000161062 
 0.000161045 
 0.000161045 
 0.000142337 
 0.000142337 
 0.000142337 
 0.000142337 
 0.000142337 
 0.000142337 
 0.000142337 
 0.000142337 
 0.000150884 
 0.000142337 
 0.000142337 
 0.000142337 
 0.000142337 
 0.000142337 
 0.000142337 
 0.000142337 
 0.000142337 
 0.000142337 
 0.000161649 
 0.000161649 
 0.000150674 
 0.000231034 
 0.000150674 
 0.000150674 
 0.000150674 
 0.000148508 
 0.000148508 
 0.000148508 
 0.000148508 
 0.000148508 
 0.000151683 
 0.000151683 
 0.000161429 
 0.000151683 
 0.000151683 
 0.000151683 
 0.000151683 
 0.000198044 
 0.000242571 
 0.000196175 
 0.000196175 
 0.000198044 
 0.000143568 
 0.000143568 
 0.000143568 
 0.000143568 
 0.000143568 
 0.000143568 
 0.000143568 
 0.000143568 
 0.000143568 
 0.000143568 
 0.000145556 
 0.000145556 
 0.000145556 
 0.000145556 
 0.000145556 
 0.000145556 
 0.000145556 
 0.000145556 
 0.000143058 
 0.000143058 
 0.000143058 
 0.000143058 
 0.000155865 
 0.000896503 
 0.000143058 
 0.000143058 
 0.000143058 
 0.000143058 
 0.000143058 
 0.000143058 
 0.000143058 
 0.000142985 
 0.000142985 
 0.000142985 
 0.000142985 
 0.000142985 
 0.000142985 
 0.000142985 
 0.000142985 
 0.000142985 
 0.000142985 
 0.000142985 
 0.000142985 
 0.000142985 
 0.000205912 
 0.000204511 
 0.000204511 
 0.000205912 
 0.000205912 
 0.00019702 
 0.000154932 
 0.000154932 
 0.000154932 
 0.000154932 
 0.000154932 
 0.000154932 
 0.000154932 
 0.000154932 
 0.000154932 
 0.000154932 
 0.000192495 
 0.000144971 
 0.000159094 
 0.000187341 
 0.000155563 
 0.000149208 
 0.000153445 
 0.000144971 
 0.000144971 
 0.000145727 
 0.00015632 
 0.000145727 
 0.000152789 
 0.000166912 
 0.000145727 
 0.000145727 
 0.000150267 
 0.000150267 
 0.000150267 
 0.000150267 
 0.00016086 
 0.000153798 
 0.000146736 
 0.000146736 
 0.000146736 
 0.000146736 
 0.000153798 
 0.000174983 
 0.000153798 
 0.00016086 
 0.00016086 
 0.00016086 
 0.000153798 
 0.000153798 
 0.000153798 
 0.00016086 
 0.00016086 
 0.000150267 
 0.000150267 
 0.000150267 
 0.000154504 
 0.000143911 
 0.000143911 
 0.000143911 
 0.000143911 
 0.000143911 
 0.000143911 
 0.000143911 
 0.000143911 
 0.000171452 
 0.000150267 
 0.000153798 
 0.00016086 
 0.000153798 
 0.00016086 
 0.000148148 
 0.000148148 
 0.000148148 
 0.00015521 
 0.000171452 
 0.000146736 
 0.000148148 
 0.000148148 
 0.000148148 
 0.000148148 
 0.000148148 
 0.00016086 
 0.00016086 
 0.00016086 
 0.00016086 
 0.000153798 
 0.000153798 
 0.00016086 
 0.000174983 
 0.000189107 
 0.000153798 
 0.000148148 
 0.000148148 
 0.000148148 
 0.000148148 
 0.000148148 
 0.000182045 
 0.000150267 
 0.000150267 
 0.000150267 
 0.00016086 
 0.00016086 
 0.00016086 
 0.00016086 
 0.000144971 
 0.000144971 
 0.000144971 
 0.000144971 
 0.000144971 
 0.000144971 
 0.000144971 
 0.000144971 
 0.000147279 
 0.000147279 
 0.000147279 
 0.000147279 
 0.000140661 
 0.000140661 
 0.000140661 
 0.000140661 
 0.000140661 
 0.000140661 
 0.000140661 
 0.000140661 
 0.000140661 
 0.000140661 
 0.000140661 
 0.000140661 
 0.000140661 
 0.000140661 
 0.000140661 
 0.000140661 
 0.000140661 
 0.000140661 
 0.000143283 
 0.000140661 
 0.000143283 
 0.000140661 
 0.000140661 
 0.000140661 
 0.000140661 
 0.000140661 
 0.000140661 
 0.000143345 
 0.000140661 
 0.000140661 
 0.000140661 
 0.00014308 
 0.000144797 
 0.000144731 
 0.000148562 
 0.000141552 
 0.000141552 
 0.000141552 
 0.000142358 
 0.000142358 
 0.000142358 
 0.000142358 
 0.000142933 
 0.000150274 
 0.000172263 
 0.000144986 
 0.000144986 
 0.000144986 
 0.000144986 
 0.000142768 
 0.000142562 
 0.000142562 
 0.000200912 
 0.000164157 
 0.000142296 
 0.000161028 
 0.000161028 
 0.000154701 
 0.000154701 
 0.000154701 
 0.000162048 
 0.000162048 
 0.000146915 
 0.000146915 
 0.000146915 
 0.000146915 
 0.000146915 
 0.000161405 
 0.000146218 
 0.000146218 
 0.000146218 
 0.000146218 
 0.000146218 
 0.000146218 
 0.000146218 
 0.000185079 
 0.000142369 
 0.000142369 
 0.000142369 
 0.000142369 
 0.000142369 
 0.000142369 
 0.000142369 
 0.000142369 
 0.000142369 
 0.000142369 
 0.000142369 
 0.000142369 
 0.000142369 
 0.000142369 
 0.000142369 
 0.000142369 
 0.000189747 
 0.000142946 
 0.000142946 
 0.000142946 
 0.000142946 
 0.000142946 
 0.000142946 
 0.000142946 
 0.000142946 
 0.000142946 
 0.000142946 
 0.000142946 
 0.000142946 
 0.000142946 
 0.000142946 
 0.000154942 
 0.000154942 
 0.000154942 
 0.000146218 
 0.000146218 
 0.000146218 
 0.000146218 
 0.000146218 
 0.000146218 
 0.000146218 
 0.000142853 
 0.000142853 
 0.000142853 
 0.000142853 
 0.000142853 
 0.000142853 
 0.000142853 
 0.000142853 
 0.000142853 
 0.000142853 
 0.000142853 
 0.000142853 
 0.000142853 
 0.000142853 
 0.000148228 
 0.000148228 
 0.000148228 
 0.000148228 
 0.000148228 
 0.000146802 
 0.000146802 
 0.000146802 
 0.000146802 
 0.000148899 
 0.000146802 
 0.000152632 
 0.000147536 
 0.000147536 
 0.00014295 
 0.000147536 
 0.000148046 
 0.000147536 
 0.00014295 
 0.000141312 
 0.000141312 
 0.000141312 
 0.000141312 
 0.000141312 
 0.000141312 
 0.000141312 
 0.000141312 
 0.000141312 
 0.000141312 
 0.000141312 
 0.000141312 
 0.000141312 
 0.000141312 
 0.000141312 
 0.000141312 
 0.000141312 
 0.000141312 
 0.000141312 
 0.000141312 
 0.000141312 
 0.000141312 
 0.000148847 
 0.00014477 
 0.00014477 
 0.000169766 
 0.000169766 
 0.000141585 
 0.000141585 
 0.000141585 
 0.000141585 
 0.000141585 
 0.000141585 
 0.000141585 
 0.000141585 
 0.000141585 
 0.000141585 
 0.000141585 
 0.000141585 
 0.000141585 
 0.000141585 
 0.000141585 
 0.000141585 
 0.000141585 
 0.000141585 
 0.000141585 
 0.000141585 
 0.000141585 
 0.000141585 
 0.000141585 
 0.000154769 
 0.000150727 
 0.000150727 
 0.000150727 
 0.000150727 
 0.000143717 
 0.000143717 
 0.000143717 
 0.000143108 
 0.000143108 
 0.000143108 
 0.000143108 
 0.000143108 
 0.000143108 
 0.00018604 
 0.000143108 
 0.000143108 
 0.000143108 
 0.000143108 
 0.000143108 
 0.000143108 
 0.000143108 
 0.000164537 
 0.000164537 
 0.000164537 
 0.000184287 
 0.000160363 
 0.000188662 
 0.000188662 
 0.000160363 
 0.000150436 
 0.000150436 
 0.000150436 
 0.000150436 
 0.000148221 
 0.000148221 
 0.00014584 
 0.000150578 
 0.000150578 
 0.000150578 
 0.000150578 
 0.000165226 
 0.000165226 
 0.000165226 
 0.000165226 
 0.000144421 
 0.000144421 
 0.000144421 
 0.000144421 
 0.000144421 
 0.000144421 
 0.000144421 
 0.000144421 
 0.000183633 
 0.000148281 
 0.000148281 
 0.000148281 
 0.000148281 
 0.000148281 
 0.000142206 
 0.000142206 
 0.000142206 
 0.000142206 
 0.000142206 
 0.000142206 
 0.000142206 
 0.000142206 
 0.000142206 
 0.000142206 
 0.000142206 
 0.000142206 
 0.000142206 
 0.000142206 
 0.000142206 
 0.000142206 
 0.000142206 
 0.000161192 
 0.000161192 
 0.000184556 
 0.000148633 
 0.000148633 
 0.000148633 
 0.000146457 
 0.000146457 
 0.000146457 
 0.000146457 
 0.000146457 
 0.000146457 
 0.00018796 
 0.000149645 
 0.000149645 
 0.000149645 
 0.000149645 
 0.000149645 
 0.000145681 
 0.000145681 
 0.000145681 
 0.000145681 
 0.000145681 
 0.000145681 
 0.000145464 
 0.000145464 
 0.000145464 
 0.000145464 
 0.000145464 
 0.000143069 
 0.000143069 
 0.000146971 
 0.000143069 
 0.000146971 
 0.000143069 
 0.000143069 
 0.000143069 
 0.000143069 
 0.000143579 
 0.000143579 
 0.000143579 
 0.000143579 
 0.000143579 
 0.000143579 
 0.00014203 
 0.00014203 
 0.00014203 
 0.00014203 
 0.00014203 
 0.00014203 
 0.00014203 
 0.00014203 
 0.000163334 
 0.00014203 
 0.00014203 
 0.00014203 
 0.00014203 
 0.000141906 
 0.000141906 
 0.000141906 
 0.000141906 
 0.000141906 
 0.000141906 
 0.000141906 
 0.000142742 
 0.000142742 
 0.000142742 
 0.000142742 
 0.000142742 
 0.000142742 
 0.000142742 
 0.000142742 
 0.000142742 
 0.000142742 
 0.000142742 
 0.000142742 
 0.000142742 
 0.000201313 
 0.000153991 
 0.000153991 
 0.000153991 
 0.000148264 
 0.000148264 
 0.000148264 
 0.000148264 
 0.000207615 
 0.000207615 
 0.000207615 
 0.000207615 
 0.000207615 
 0.000183451 
 0.000143957 
 0.000148202 
 0.000148202 
 0.000153886 
 0.000147281 
 0.000147281 
 0.000147281 
 0.000147281 
 0.000140645 
 0.000140645 
 0.000140645 
 0.000140645 
 0.000140645 
 0.000140645 
 0.000140645 
 0.000140645 
 0.000140645 
 0.000140645 
 0.000140645 
 0.000140645 
 0.000140645 
 0.000140645 
 0.000140645 
 0.000140645 
 0.000140645 
 0.000140645 
 0.000143267 
 0.000140645 
 0.000143267 
 0.000140645 
 0.000140645 
 0.000140645 
 0.000140645 
 0.00014333 
 0.000140645 
 0.000140645 
 0.000140645 
 0.00014308 
 0.000144797 
 0.000144731 
 0.000148563 
 0.000141552 
 0.000141552 
 0.000141552 
 0.000142359 
 0.000142359 
 0.000142359 
 0.000142359 
 0.000142934 
 0.000150277 
 0.00016548 
 0.000144814 
 0.000144814 
 0.000144814 
 0.000144814 
 0.000142768 
 0.000142561 
 0.000142561 
 0.000164246 
 0.000187977 
 0.000143281 
 0.000143281 
 0.000143281 
 0.000143281 
 0.000143281 
 0.000143281 
 0.000143281 
 0.000143281 
 0.000143281 
 0.000143281 
 0.000143281 
 0.000187977 
 0.000187993 
 0.000196067 
 0.000196067 
 0.000196072 
 0.000165013 
 0.000198494 
 0.000198494 
 0.000198496 
 0.000199223 
 0.000199223 
 0.000199223 
 0.000199441 
 0.000199441 
 0.000199441 
 0.000144483 
 0.000144483 
 0.000144483 
 0.000144483 
 0.000144483 
 0.000144483 
 0.000144483 
 0.000144483 
 0.000155863 
 0.000155863 
 0.000155863 
 0.000155863 
 0.000155863 
 0.000155863 
 0.000155863 
 0.000155863 
 0.000155863 
 0.000155863 
 0.000155863 
 0.000155863 
 0.000143959 
 0.000148718 
 0.000148718 
 0.000187608 
 0.000187306 
 0.000187306 
 0.000182167 
 0.000182167 
 0.000182167 
 0.000182167 
 0.000182167 
 0.00018226 
 0.00018226 
 0.000182341 
 0.000182576 
 0.00019457 
 0.00013994 
 0.00013994 
 0.00013994 
 0.00013994 
 0.00013994 
 0.00013994 
 0.00013994 
 0.00013994 
 0.00013994 
 0.00013994 
 0.00013994 
 0.00013994 
 0.00013994 
 0.00013994 
 0.00013994 
 0.00013994 
 0.00013994 
 0.00013994 
 0.00013994 
 0.00013994 
 0.00013994 
 0.00013994 
 0.00013994 
 0.00013994 
 0.00013994 
 0.00013994 
 0.00013994 
 0.00013994 
 0.00013994 
 0.00013994 
 0.00013994 
 0.00013994 
 0.00013994 
 0.00013994 
 0.00013994 
 0.00013994 
 0.00013994 
 0.00013994 
 0.00013994 
 0.00013994 
 0.00013994 
 0.00013994 
 0.00013994 
 0.00013994 
 0.00013994 
 0.00013994 
 0.00013994 
 0.00013994 
 0.00013994 
 0.00013994 
 0.00013994 
 0.00013994 
 0.00013994 
 0.00013994 
 0.00013994 
 0.00013994 
 0.00013994 
 0.00013994 
 0.00013994 
 0.00013994 
 0.00013994 
 0.00013994 
 0.00013994 
 0.00013994 
 0.00013994 
 0.00013994 
 0.00013994 
 0.00013994 
 0.00013994 
 0.00013994 
 0.00013994 
 0.00013994 
 0.00013994 
 0.00013994 
 0.00013994 
 0.00013994 
 0.00013994 
 0.00013994 
 0.00013994 
 0.00013994 
 0.00013994 
 0.00013994 
 0.00013994 
 0.00013994 
 0.00013994 
 0.00013994 
 0.00013994 
 0.00013994 
 0.00013994 
 0.00013994 
 0.00013994 
 0.00013994 
 0.00013994 
 0.00013994 
 0.00013994 
 0.00013994 
 0.00013994 
 0.00013994 
 0.00013994 
 0.00013994 
 0.00013994 
 0.00013994 
 0.00013994 
 0.00013994 
 0.00013994 
 0.00013994 
 0.00013994 
 0.00013994 
 0.00013994 
 0.00013994 
 0.00013994 
 0.00013994 
 0.00013994 
 0.00013994 
 0.00013994 
 0.00013994 
 0.00013994 
 0.00013994 
 0.00013994 
 0.00013994 
 0.00013994 
 0.00013994 
 0.00013994 
 0.00013994 
 0.00013994 
 0.00013994 
 0.00013994 
 0.00013994 
 0.00013994 
 0.00013994 
 0.00013994 
 0.00013994 
 0.00013994 
 0.00013994 
 0.00013994 
 0.00013994 
 0.00013994 
 0.00013994 
 0.00013994 
 0.00013994 
 0.00013994 
 0.00013994 
 0.00013994 
 0.00013994 
 0.00013994 
 0.00013994 
 0.00013994 
 0.00013994 
 0.00013994 
 0.00013994 
 0.00013994 
 0.00013994 
 0.00013994 
 0.00013994 
 0.00013994 
 0.00013994 
 0.00013994 
 0.00013994 
 0.00013994 
 0.00013994 
 0.00013994 
 0.00013994 
 0.00013994 
 0.00013994 
 0.00013994 
 0.00013994 
 0.00013994 
 0.00013994 
 0.00013994 
 0.00013994 
 0.00013994 
 0.00013994 
 0.00013994 
 0.00013994 
 0.00013994 
 0.00013994 
 0.00013994 
 0.00013994 
 0.00013994 
 0.00013994 
 0.00013994 
 0.00013994 
 0.00013994 
 0.00013994 
 0.00019316 
 0.000162893 
 0.000162893 
 0.000162893 
 0.000162893 
 0.000162893 
 0.000162893 
 0.000152537 
 0.000147479 
 0.000147479 
 0.000147479 
 0.000142926 
 0.000147479 
 0.000147985 
 0.000147479 
 0.000142926 
 0.000141244 
 0.000141244 
 0.000141244 
 0.000141244 
 0.000141244 
 0.000141244 
 0.000141244 
 0.000141244 
 0.000141244 
 0.000141244 
 0.000141244 
 0.000141244 
 0.000141244 
 0.000141244 
 0.000141244 
 0.000141244 
 0.000141244 
 0.000141244 
 0.000141244 
 0.000141244 
 0.000141244 
 0.000141244 
 0.000145089 
 0.000141244 
 0.000141244 
 0.000141244 
 0.000141244 
 0.00014878 
 0.00014878 
 0.000144733 
 0.000144733 
 0.000169648 
 0.000169648 
 0.000141571 
 0.000141571 
 0.000141571 
 0.000141571 
 0.000141571 
 0.000141571 
 0.000141571 
 0.000141571 
 0.000141571 
 0.000141571 
 0.000141571 
 0.000141571 
 0.000141571 
 0.000141571 
 0.000141571 
 0.000141571 
 0.000141571 
 0.000141571 
 0.000141571 
 0.000141571 
 0.000141571 
 0.000141571 
 0.000141571 
 0.00017185 
 0.000153053 
 0.00017185 
 0.000153053 
 0.000142164 
 0.000142164 
 0.000142164 
 0.000142164 
 0.000142164 
 0.000142164 
 0.000159349 
 0.000159349 
 0.000142164 
 0.000160961 
 0.000148653 
 0.000148653 
 0.000148653 
 0.000146472 
 0.000146472 
 0.000146472 
 0.000146472 
 0.000146472 
 0.000146472 
 0.000143884 
 0.000143884 
 0.000143884 
 0.000143884 
 0.000143884 
 0.000143884 
 0.000143884 
 0.000143884 
 0.000143884 
 0.000143884 
 0.000162159 
 0.000565993 
 0.000146927 
 0.000146927 
 0.000146927 
 0.000146927 
 0.000152961 
 0.000298385 
 0.000146927 
 0.000157514 
 0.000157298 
 0.0001524 
 0.0001524 
 0.0001524 
 0.000149465 
 0.000149465 
 0.000154363 
 0.0001524 
 0.0001524 
 0.00015877 
 0.0001524 
 0.00015884 
 0.0001524 
 0.000302609 
 0.000157004 
 0.000165873 
 0.000150373 
 0.00017288 
 0.000150373 
 0.000210101 
 0.000150373 
 0.000151792 
 0.000173967 
 0.000265615 
 0.000167661 
 0.000181654 
 0.000167661 
 0.000226139 
 0.000209641 
 0.000209641 
 0.000223635 
 0.000199618 
 0.000148679 
 0.000148679 
 0.000148679 
 0.000146492 
 0.000146492 
 0.000146492 
 0.000146492 
 0.000146492 
 0.000146492 
 0.000187999 
 0.000155864 
 0.000155864 
 0.000155864 
 0.000155864 
 0.000155864 
 0.000155864 
 0.000155864 
 0.000155864 
 0.000155864 
 0.000155864 
 0.000155864 
 0.000155864 
 0.000182375 
 0.000153908 
 0.000153908 
 0.000153908 
 0.000273162 
 0.000189313 
 0.000143151 
 0.000194793 
 0.000143151 
 0.000176147 
 0.000143151 
 0.000943767 
 0.000377728 
 0.000143151 
 0.000143151 
 0.000154742 
 0.000154742 
 0.000162427 
 0.000149576 
 0.00015007 
 0.00015007 
 0.000149576 
 0.000150591 
 0.000150591 
 0.000150591 
 0.000152481 
 0.000152481 
 0.000152481 
 0.000161546 
 0.000350165 
 0.000259655 
 0.000241725 
 0.000212725 
 0.000152481 
 0.000448919 
 0.000211607 
 0.000305701 
 0.000344925 
 0.000344925 
 0.00016155 
 0.000152481 
 0.000152481 
 0.000152481 
 0.000152481 
 0.000157324 
 0.000142296 
 0.000161028 
 0.000161028 
 0.000154702 
 0.000154702 
 0.000154702 
 0.000146923 
 0.000146923 
 0.000146923 
 0.000146923 
 0.000146923 
 0.000148228 
 0.000148228 
 0.000148228 
 0.000148228 
 0.000148228 
 0.000146802 
 0.000146802 
 0.000146802 
 0.000146802 
 0.000148899 
 0.000146802 
 0.000186085 
 0.000574077 
 0.000480655 
 0.000262668 
 0.000387233 
 0.000511796 
 0.000335331 
 0.000449514 
 0.00070902 
 0.000418374 
 0.000314571 
 0.000227823 
 0.000149358 
 0.000149358 
 0.000153905 
 0.000153905 
 0.000153905 
 0.000143029 
 0.000143029 
 0.000197131 
 0.000200506 
 0.000200506 
 0.000144679 
 0.000144679 
 0.000144679 
 0.000144679 
 0.000144679 
 0.000144679 
 0.000144679 
 0.000144679 
 0.000144679 
 0.000144679 
 0.000144679 
 0.000144679 
 0.000144679 
 0.000144679 
 0.000144679 
 0.000144679 
 0.000144679 
 0.000144679 
 0.000144679 
 0.000144679 
 0.000144679 
 0.000144679 
 0.000144679 
 0.000144679 
 0.000144679 
 0.000144679 
 0.000182558 
 0.000154497 
 0.000154497 
 0.000154497 
 0.000145233 
 0.000145233 
 0.000145233 
 0.000315705 
 0.000145233 
 0.000190163 
 0.000190163 
 0.000190163 
 0.000141771 
 0.000141771 
 0.000141771 
 0.000141771 
 0.000141771 
 0.000141771 
 0.000141771 
 0.000141771 
 0.000141771 
 0.000141771 
 0.000141771 
 0.000141771 
 0.000141771 
 0.000141771 
 0.000141771 
 0.000141771 
 0.000141771 
 0.000141771 
 0.000141771 
 0.000141771 
 0.000183715 
 0.000150739 
 0.000150739 
 0.000150739 
 0.000143363 
 0.000143363 
 0.000143363 
 0.000143363 
 0.000143363 
 0.000143363 
 0.000143363 
 0.000143363 
 0.000143363 
 0.000143363 
 0.000145801 
 0.000145801 
 0.000145801 
 0.000145801 
 0.000145801 
 0.000145801 
 0.000153805 
 0.000153805 
 0.000157651 
 0.000145688 
 0.000145688 
 0.000145688 
 0.000145688 
 0.000145688 
 0.000145688 
 0.000145688 
 0.000144689 
 0.000144689 
 0.000144689 
 0.000144689 
 0.000144689 
 0.000144689 
 0.000144689 
 0.000144689 
 0.000144689 
 0.000154496 
 0.000154975 
 0.000154874 
 0.000144049 
 0.000144049 
 0.000144049 
 0.000144049 
 0.000144049 
 0.000144049 
 0.000144049 
 0.000144049 
 0.000144049 
 0.000144049 
 0.000148709 
 0.000148709 
 0.000148709 
 0.000148709 
 0.000148709 
 0.000182336 
 0.000143576 
 0.000143576 
 0.000143576 
 0.000143576 
 0.000143576 
 0.000148196 
 0.000148196 
 0.000153877 
 0.000140244 
 0.000140244 
 0.000140244 
 0.000140244 
 0.000140244 
 0.000140244 
 0.000140244 
 0.000140244 
 0.000140244 
 0.000140244 
 0.000140244 
 0.000140244 
 0.000140244 
 0.000140244 
 0.000140244 
 0.000140244 
 0.000140244 
 0.000140244 
 0.000140244 
 0.000140244 
 0.000140244 
 0.000140244 
 0.000140244 
 0.000140244 
 0.000140244 
 0.000140244 
 0.000140244 
 0.000182317 
 0.000140244 
 0.000140244 
 0.000140244 
 0.000140244 
 0.000140244 
 0.000140244 
 0.000140244 
 0.000182317 
 0.000140244 
 0.000140244 
 0.000140244 
 0.000140244 
 0.000140244 
 0.000140244 
 0.000140244 
 0.000140244 
 0.000140244 
 0.000140244 
 0.000140244 
 0.000140244 
 0.000140244 
 0.000140244 
 0.000140244 
 0.000140244 
 0.000140244 
 0.000140244 
 0.000140244 
 0.000140244 
 0.000140244 
 0.000140244 
 0.000140244 
 0.000140244 
 0.000140244 
 0.000140244 
 0.000140244 
 0.000140244 
 0.000140244 
 0.000140244 
 0.000140244 
 0.000140244 
 0.000140244 
 0.000140244 
 0.000140244 
 0.000140244 
 0.000140244 
 0.000140244 
 0.000140244 
 0.000140244 
 0.000140244 
 0.000140244 
 0.000140244 
 0.000140244 
 0.000140244 
 0.000140244 
 0.000140244 
 0.000140244 
 0.000140244 
 0.000140244 
 0.000140244 
 0.000140244 
 0.000140244 
 0.000140244 
 0.000140244 
 0.000140244 
 0.000140244 
 0.000140244 
 0.000140244 
 0.000140244 
 0.000140244 
 0.000140244 
 0.000140244 
 0.000140244 
 0.000140244 
 0.000140244 
 0.000140244 
 0.000140244 
 0.000140244 
 0.000140244 
 0.000151223 
 0.000151223 
 0.000151223 
 0.000151223 
 0.000151223 
 0.000151223 
 0.000151223 
 0.000151223 
 0.000200607 
 0.000200607 
 0.000200607 
 0.000200607 
 0.000200607 
 0.000200607 
 0.000200607 
 0.000200607 
 0.000200607 
 0.000200607 
 0.000142296 
 0.000161028 
 0.000161028 
 0.000154702 
 0.000154702 
 0.000154702 
 0.000146915 
 0.000146915 
 0.000146915 
 0.000146915 
 0.000146915 
 0.000148228 
 0.000148228 
 0.000148228 
 0.000148228 
 0.000148228 
 0.000146802 
 0.000146802 
 0.000146802 
 0.000146802 
 0.000148899 
 0.000146802 
 0.000164426 
 0.000173967 
 0.00018429 
 0.000245669 
 0.000188542 
 0.000188542 
 0.000150735 
 0.000150735 
 0.000150735 
 0.000185465 
 0.000140636 
 0.000185465 
 0.000140636 
 0.000140636 
 0.000140636 
 0.000140636 
 0.000140636 
 0.000140636 
 0.000140636 
 0.000140636 
 0.000140636 
 0.000144323 
 0.000140636 
 0.000144323 
 0.000140636 
 0.000140636 
 0.000140636 
 0.000140636 
 0.000140636 
 0.000140636 
 0.000140636 
 0.000140636 
 0.000140636 
 0.000140636 
 0.000140636 
 0.000140636 
 0.000140636 
 0.000140636 
 0.000140636 
 0.000140636 
 0.000140636 
 0.000140636 
 0.000140636 
 0.000140636 
 0.000185465 
 0.000140636 
 0.000140636 
 0.000140636 
 0.000140636 
 0.000140636 
 0.000140636 
 0.000140636 
 0.000140636 
 0.000143361 
 0.000143361 
 0.000143361 
 0.000143361 
 0.000143361 
 0.000143361 
 0.000143361 
 0.000143361 
 0.000143361 
 0.000143361 
 0.0001458 
 0.0001458 
 0.0001458 
 0.0001458 
 0.0001458 
 0.0001458 
 0.000153799 
 0.000153799 
 0.000157644 
 0.000187962 
 0.00029646 
 0.000309165 
 0.000386389 
 0.000309165 
 0.000144773 
 0.000144773 
 0.00018103 
 0.000148626 
 0.000148626 
 0.000148626 
 0.000147701 
 0.000147701 
 0.000147701 
 0.000143964 
 0.000147701 
 0.000147701 
 0.000174123 
 0.000144869 
 0.000161545 
 0.000146206 
 0.000170845 
 0.000162534 
 0.000162534 
 0.000141604 
 0.000145667 
 0.000141604 
 0.000145667 
 0.00014599 
 0.00014599 
 0.000291501 
 0.000145667 
 0.000151582 
 0.00015456 
 0.000142532 
 0.000142532 
 0.000142532 
 0.000142532 
 0.000142532 
 0.000142532 
 0.000142532 
 0.00014551 
 0.000142532 
 0.000149356 
 0.000142652 
 0.000142652 
 0.000142652 
 0.000142652 
 0.000142652 
 0.000142652 
 0.000142652 
 0.000144246 
 0.000144246 
 0.000144246 
 0.000184786 
 0.000150047 
 0.000150047 
 0.000150047 
 0.000150047 
 0.000150047 
 0.000258056 
 0.000258056 
 0.000252578 
 0.000252578 
 0.000252578 
 0.000252578 
 0.000145404 
 0.000145404 
 0.000145404 
 0.000145404 
 0.000145404 
 0.000145404 
 0.000145404 
 0.000145404 
 0.000145404 
 0.000145404 
 0.000193306 
 0.000148697 
 0.000148697 
 0.000148697 
 0.000148697 
 0.000327393 
 0.000140834 
 0.000140834 
 0.000140834 
 0.000140834 
 0.000140834 
 0.000140834 
 0.000140834 
 0.000140834 
 0.000140834 
 0.000140834 
 0.000140834 
 0.000140834 
 0.000140834 
 0.000140834 
 0.000140834 
 0.000140834 
 0.000140834 
 0.000140834 
 0.000140834 
 0.000140834 
 0.000140834 
 0.000140834 
 0.000140834 
 0.000140834 
 0.000140834 
 0.000140834 
 0.000140834 
 0.000140834 
 0.000140834 
 0.000140834 
 0.000140834 
 0.000140834 
 0.000140834 
 0.000140834 
 0.000140834 
 0.000189972 
 0.000206765 
 0.000173967 
 0.000185847 
 0.000156491 
 0.000253645 
 0.000216726 
 0.000153657 
 0.000153657 
 0.000152156 
 0.000146655 
 0.000153657 
 0.000147803 
 0.000155875 
 0.000155875 
 0.000155875 
 0.000153873 
 0.000153873 
 0.000207078 
 0.000164895 
 0.00016873 
 0.000148022 
 0.000148022 
 0.000148263 
 0.000148263 
 0.000148263 
 0.00016498 
 0.00016498 
 0.00016498 
 0.000485492 
 0.000148263 
 0.000148263 
 0.000148263 
 0.000186863 
 0.000923722 
 0.0002016 
 0.000186863 
 0.000148391 
 0.000176957 
 0.000194463 
 0.000354402 
 0.000161663 
 0.000393299 
 0.000148391 
 0.000148391 
 0.000148391 
 0.000148391 
 0.000148391 
 0.000155148 
 0.000170663 
 0.000155148 
 0.000144757 
 0.000144757 
 0.000144757 
 0.000144757 
 0.000144757 
 0.000144757 
 0.000144757 
 0.000144757 
 0.000155829 
 0.000155829 
 0.000155829 
 0.000157182 
 0.000157182 
 0.000157182 
 0.000157182 
 0.000178622 
 0.000178622 
 0.000148739 
 0.000148739 
 0.000148739 
 0.000148739 
 0.000148739 
 0.000200811 
 0.000200811 
 0.000200811 
 0.000200811 
 0.00015111 
 0.00015111 
 0.00015111 
 0.00015111 
 0.00016212 
 0.000187285 
 0.00016212 
 0.00016212 
 0.00016212 
 0.00016212 
 0.000148743 
 0.000159899 
 0.000170244 
 0.000170244 
 0.000170244 
 0.00016037 
 0.00016037 
 0.00016037 
 0.00016037 
 0.00016037 
 0.00016037 
 0.00016037 
 0.00016037 
 0.000186085 
 0.000227828 
 0.000154497 
 0.000154497 
 0.000154497 
 0.000145233 
 0.000145233 
 0.000145233 
 0.000315705 
 0.000145233 
 0.000190163 
 0.000190163 
 0.000190163 
 0.000141771 
 0.000141771 
 0.000141771 
 0.000141771 
 0.000141771 
 0.000141771 
 0.000141771 
 0.000141771 
 0.000141771 
 0.000141771 
 0.000141771 
 0.000141771 
 0.000141771 
 0.000141771 
 0.000141771 
 0.000141771 
 0.000141771 
 0.000141771 
 0.000141771 
 0.000141771 
 0.000183715 
 0.000633987 
 0.000228017 
 0.000180504 
 0.000174801 
 0.000174436 
 0.000174411 
 0.000174409 
 0.000174409 
 0.000174409 
 0.000174409 
 0.000174409 
 0.000174409 
 0.000174409 
 0.000174409 
 0.000174409 
 0.000174409 
 0.000174409 
 0.000174409 
 0.000174409 
 0.000174409 
 0.000174409 
 0.000174409 
 0.000174409 
 0.000174409 
 0.000174409 
 0.000174409 
 0.000174409 
 0.000174409 
 0.000174409 
 0.000174409 
 0.000174409 
 0.000174409 
 0.000174409 
 0.000174409 
 0.00017441 
 0.00017442 
 0.000174608 
 0.000178252 
 0.000208014 
 0.000551541 
 0.000143875 
 0.000529429 
 0.00021846 
 0.000180099 
 0.000175093 
 0.000174773 
 0.000174752 
 0.000174751 
 0.000174751 
 0.000174751 
 0.000174751 
 0.000174751 
 0.000174751 
 0.000174751 
 0.000174751 
 0.000174751 
 0.000174751 
 0.000174751 
 0.000174751 
 0.000174751 
 0.000174751 
 0.000174751 
 0.000174751 
 0.000174751 
 0.000174751 
 0.000174751 
 0.000174751 
 0.00017476 
 0.000174928 
 0.000178188 
 0.000201695 
 0.000464305 
 0.00014418 
 0.000287284 
 0.000198366 
 0.000181348 
 0.000177946 
 0.000177733 
 0.000177726 
 0.000177848 
 0.000180235 
 0.000189154 
 0.000262575 
 0.000146838 
 0.000425095 
 0.000209174 
 0.000179963 
 0.000175652 
 0.000175378 
 0.00017536 
 0.000175359 
 0.000175359 
 0.000175359 
 0.000175359 
 0.000175359 
 0.000175359 
 0.000175359 
 0.000175359 
 0.000175359 
 0.000175359 
 0.000175359 
 0.000175367 
 0.000175516 
 0.000178395 
 0.000195647 
 0.000377293 
 0.000144725 
 0.000564265 
 0.000221626 
 0.000180214 
 0.000174976 
 0.000174641 
 0.000174619 
 0.000174617 
 0.000174617 
 0.000174617 
 0.000174617 
 0.000174617 
 0.000174617 
 0.000174617 
 0.000174617 
 0.000174617 
 0.000174617 
 0.000174617 
 0.000174617 
 0.000174617 
 0.000174617 
 0.000174617 
 0.000174617 
 0.000174617 
 0.000174617 
 0.000174617 
 0.000174617 
 0.000174617 
 0.000174617 
 0.000174618 
 0.000174627 
 0.000174802 
 0.00017819 
 0.000203781 
 0.000493367 
 0.000144061 
 0.000367352 
 0.000204282 
 0.000180154 
 0.000176226 
 0.000175977 
 0.000175961 
 0.00017596 
 0.000175959 
 0.000175959 
 0.000175959 
 0.00017596 
 0.00017596 
 0.000175967 
 0.000176105 
 0.000178775 
 0.000192554 
 0.000329173 
 0.000145263 
 0.000494615 
 0.000215322 
 0.000180011 
 0.000175237 
 0.000174933 
 0.000174913 
 0.000174911 
 0.000174911 
 0.000174911 
 0.000174911 
 0.000174911 
 0.000174911 
 0.000174911 
 0.000174911 
 0.000174911 
 0.000174911 
 0.000174911 
 0.000174911 
 0.000174911 
 0.000174911 
 0.000174911 
 0.000174911 
 0.000174912 
 0.00017492 
 0.000175082 
 0.000178215 
 0.000199636 
 0.000435266 
 0.000144324 
 0.000785186 
 0.000242027 
 0.000181293 
 0.00017458 
 0.000174148 
 0.000174119 
 0.000174117 
 0.000174117 
 0.000174117 
 0.000174117 
 0.000174117 
 0.000174117 
 0.000174117 
 0.000174117 
 0.000174117 
 0.000174117 
 0.000174117 
 0.000174117 
 0.000174117 
 0.000174117 
 0.000174117 
 0.000174117 
 0.000174117 
 0.000174117 
 0.000174117 
 0.000174117 
 0.000174117 
 0.000174117 
 0.000174117 
 0.000174117 
 0.000174117 
 0.000174117 
 0.000174117 
 0.000174117 
 0.000174117 
 0.000174117 
 0.000174117 
 0.000174117 
 0.000174117 
 0.000174117 
 0.000174117 
 0.000174117 
 0.000174117 
 0.000174117 
 0.000174117 
 0.000174117 
 0.000174117 
 0.000174118 
 0.000174129 
 0.000174347 
 0.000178547 
 0.000217345 
 0.000677717 
 0.000143613 
 0.000459833 
 0.000212222 
 0.000179961 
 0.000175419 
 0.00017513 
 0.000175111 
 0.000175109 
 0.000175109 
 0.000175109 
 0.000175109 
 0.000175109 
 0.000175109 
 0.000175109 
 0.000175109 
 0.000175109 
 0.000175109 
 0.000175109 
 0.000175109 
 0.000175109 
 0.00017511 
 0.000175118 
 0.000175273 
 0.000178279 
 0.000197615 
 0.000406258 
 0.000144502 
 0.000344343 
 0.000202432 
 0.000180336 
 0.00017656 
 0.000176322 
 0.000176306 
 0.000176305 
 0.000176305 
 0.000176305 
 0.000176305 
 0.000176312 
 0.000176446 
 0.000179034 
 0.000191423 
 0.000310014 
 0.000145572 
 0.000142875 
 0.000142875 
 0.000185846 
 0.000159725 
 0.000159725 
 0.000142764 
 0.000142764 
 0.000142764 
 0.000142764 
 0.000142764 
 0.000142764 
 0.000142764 
 0.000142764 
 0.000142764 
 0.000142764 
 0.000142764 
 0.000142764 
 0.000142764 
 0.000142764 
 0.000142764 
 0.00034515 
 0.000202937 
 0.000180808 
 0.000177025 
 0.000176786 
 0.00017677 
 0.000176769 
 0.000176769 
 0.000176769 
 0.00017677 
 0.000176777 
 0.000176911 
 0.000179505 
 0.000191925 
 0.000310813 
 0.000168199 
 0.000168199 
 0.000168199 
 0.000168199 
 0.000168199 
 0.000168199 
 0.000140567 
 0.000140567 
 0.000140567 
 0.000140567 
 0.000140567 
 0.000140567 
 0.000140567 
 0.000140567 
 0.000140567 
 0.000140567 
 0.000140567 
 0.000140567 
 0.000140567 
 0.000140567 
 0.000140567 
 0.000140567 
 0.000140567 
 0.000140567 
 0.000140567 
 0.000140567 
 0.000140567 
 0.000140567 
 0.000140567 
 0.000140567 
 0.000140567 
 0.000140567 
 0.000140567 
 0.000140567 
 0.000140567 
 0.000140567 
 0.000140567 
 0.000140567 
 0.000140567 
 0.000140567 
 0.000140567 
 0.000140567 
 0.000140567 
 0.000140567 
 0.000140567 
 0.000140567 
 0.000140567 
 0.000140567 
 0.000140567 
 0.000140567 
 0.000140567 
 0.000140567 
 0.000140567 
 0.000140567 
 0.000140442 
 0.000140442 
 0.000140442 
 0.000140442 
 0.000140442 
 0.000140442 
 0.000140442 
 0.000140442 
 0.000140442 
 0.000140442 
 0.000140442 
 0.000140442 
 0.000140442 
 0.000140442 
 0.000140442 
 0.000140442 
 0.000140442 
 0.000140442 
 0.000140442 
 0.000140442 
 0.000140442 
 0.000140442 
 0.000140442 
 0.000140442 
 0.000140442 
 0.000140442 
 0.000140442 
 0.000140442 
 0.000140442 
 0.000140442 
 0.000140442 
 0.000140442 
 0.000140442 
 0.000140442 
 0.000140442 
 0.000140442 
 0.000140442 
 0.000140442 
 0.000140442 
 0.000140442 
 0.000140442 
 0.000140442 
 0.000140442 
 0.000140442 
 0.000140442 
 0.000140442 
 0.000140442 
 0.000140442 
 0.000140442 
 0.000140442 
 0.000140442 
 0.000140442 
 0.000140442 
 0.000140442 
 0.000140442 
 0.000140442 
 0.000140428 
 0.000140428 
 0.000140428 
 0.000140428 
 0.000140428 
 0.000140428 
 0.000140428 
 0.000140428 
 0.000140428 
 0.000140428 
 0.000140428 
 0.000140428 
 0.000140428 
 0.000140428 
 0.000140428 
 0.000140428 
 0.000140428 
 0.000140428 
 0.000140428 
 0.000140428 
 0.000140428 
 0.000140428 
 0.000140428 
 0.000140428 
 0.000140428 
 0.000140428 
 0.000140428 
 0.000140428 
 0.000140428 
 0.000140428 
 0.000140428 
 0.000140428 
 0.000140428 
 0.000140428 
 0.000140428 
 0.000140428 
 0.000140428 
 0.000140428 
 0.000140428 
 0.000140428 
 0.000140428 
 0.000140428 
 0.000140428 
 0.000140428 
 0.000140428 
 0.000140428 
 0.000140428 
 0.000140428 
 0.000140428 
 0.000140428 
 0.000140428 
 0.000140428 
 0.000140428 
 0.000140428 
 0.000140428 
 0.000140428 
 0.000140428 
 0.000140428 
 0.000140428 
 0.000140428 
 0.000140428 
 0.000140428 
 0.000140428 
 0.000140428 
 0.000140428 
 0.000140428 
 0.000140428 
 0.000140428 
 0.000140428 
 0.000140428 
 0.000140428 
 0.000140428 
 0.000140428 
 0.000140428 
 0.000140428 
 0.000140428 
 0.000140428 
 0.000140428 
 0.000140428 
 0.000140428 
 0.000140428 
 0.000140428 
 0.000140428 
 0.000140428 
 0.000140428 
 0.000140428 
 0.000140428 
 0.000140428 
 0.000140428 
 0.000140428 
 0.000140428 
 0.000140428 
 0.000140428 
 0.000140428 
 0.000140428 
 0.000140428 
 0.000140428 
 0.000140428 
 0.000140428 
 0.000140428 
 0.000140428 
 0.000140428 
 0.000140428 
 0.000140428 
 0.000140428 
 0.000140428 
 0.000140428 
 0.000140428 
 0.000140428 
 0.000140428 
 0.000140428 
 0.000140428 
 0.000140428 
 0.000140428 
 0.000140416 
 0.000140416 
 0.000140416 
 0.000140416 
 0.000140416 
 0.000140416 
 0.000140416 
 0.000140416 
 0.000140416 
 0.000140416 
 0.000140416 
 0.000140416 
 0.000140416 
 0.000140416 
 0.000140416 
 0.000140416 
 0.000140416 
 0.000140416 
 0.000140416 
 0.000140416 
 0.000140416 
 0.000140416 
 0.000140416 
 0.000140416 
 0.000140416 
 0.000140416 
 0.000140416 
 0.000140416 
 0.000140416 
 0.000140416 
 0.000140416 
 0.000140416 
 0.000140416 
 0.000140416 
 0.000140416 
 0.000140416 
 0.000140416 
 0.000140416 
 0.000140416 
 0.000140416 
 0.000140416 
 0.000140416 
 0.000140416 
 0.000140416 
 0.000140416 
 0.000140416 
 0.000140416 
 0.000140416 
 0.000140416 
 0.000140416 
 0.000140416 
 0.000140416 
 0.000140416 
 0.000140416 
 0.000140416 
 0.000140416 
 0.000140416 
 0.000140416 
 0.000149431 
 0.000149431 
 0.000143519 
 0.000149431 
 0.000149431 
 0.000149431 
 0.000149431 
 0.000143519 
 0.000143519 
 0.000143519 
 0.000145586 
 0.000168001 
 0.000186646 
 0.000186515 
 0.000186085 
 0.000227823 
 0.000154497 
 0.000154497 
 0.000154497 
 0.000145233 
 0.000145233 
 0.000145233 
 0.000315705 
 0.000145233 
 0.000190163 
 0.000190163 
 0.000190163 
 0.000141771 
 0.000141771 
 0.000141771 
 0.000141771 
 0.000141771 
 0.000141771 
 0.000141771 
 0.000141771 
 0.000141771 
 0.000141771 
 0.000141771 
 0.000141771 
 0.000141771 
 0.000141771 
 0.000141771 
 0.000141771 
 0.000141771 
 0.000141771 
 0.000141771 
 0.000141771 
 0.000183715 
 0.000327393 
 0.000213375 
 0.000140567 
 0.000140567 
 0.000140567 
 0.000140567 
 0.000140567 
 0.000140567 
 0.000140567 
 0.000140567 
 0.000140567 
 0.000140567 
 0.000140567 
 0.000140567 
 0.000140567 
 0.000140567 
 0.000140567 
 0.000140567 
 0.000140567 
 0.000140567 
 0.000140567 
 0.000140567 
 0.000140567 
 0.000140567 
 0.000140567 
 0.000140567 
 0.000140567 
 0.000140567 
 0.000140567 
 0.000140567 
 0.000140567 
 0.000140567 
 0.000140567 
 0.000140567 
 0.000140567 
 0.000140567 
 0.000140567 
 0.000140567 
 0.000140567 
 0.000140567 
 0.000140567 
 0.000140567 
 0.000140567 
 0.000140567 
 0.000140567 
 0.000140567 
 0.000140567 
 0.000140567 
 0.000140567 
 0.000140567 
 0.000140442 
 0.000140442 
 0.000140442 
 0.000140442 
 0.000140442 
 0.000140442 
 0.000140442 
 0.000140442 
 0.000140442 
 0.000140442 
 0.000140442 
 0.000140442 
 0.000140442 
 0.000140442 
 0.000140442 
 0.000140442 
 0.000140442 
 0.000140442 
 0.000140442 
 0.000140442 
 0.000140442 
 0.000140442 
 0.000140442 
 0.000140442 
 0.000140442 
 0.000140442 
 0.000140442 
 0.000140442 
 0.000140442 
 0.000140442 
 0.000140442 
 0.000140442 
 0.000140442 
 0.000140442 
 0.000140442 
 0.000140442 
 0.000140442 
 0.000140442 
 0.000140442 
 0.000140442 
 0.000140442 
 0.000140442 
 0.000140442 
 0.000140442 
 0.000140442 
 0.000140442 
 0.000140442 
 0.000140442 
 0.000140442 
 0.000140442 
 0.000140442 
 0.000140442 
 0.000140442 
 0.000140442 
 0.000140442 
 0.000140442 
 0.000140428 
 0.000140428 
 0.000140428 
 0.000140428 
 0.000140428 
 0.000140428 
 0.000140428 
 0.000140428 
 0.000140428 
 0.000140428 
 0.000140428 
 0.000140428 
 0.000140428 
 0.000140428 
 0.000140428 
 0.000140428 
 0.000140428 
 0.000140428 
 0.000140428 
 0.000140428 
 0.000140428 
 0.000140428 
 0.000140428 
 0.000140428 
 0.000140428 
 0.000140428 
 0.000140428 
 0.000140428 
 0.000140428 
 0.000140428 
 0.000140428 
 0.000140428 
 0.000140428 
 0.000140428 
 0.000140428 
 0.000140428 
 0.000140428 
 0.000140428 
 0.000140428 
 0.000140428 
 0.000140428 
 0.000140428 
 0.000140428 
 0.000140428 
 0.000140428 
 0.000140428 
 0.000140428 
 0.000140428 
 0.000140428 
 0.000140428 
 0.000140428 
 0.000140428 
 0.000140428 
 0.000140428 
 0.000140428 
 0.000140428 
 0.000140428 
 0.000140428 
 0.000140428 
 0.000140428 
 0.000140428 
 0.000140428 
 0.000140428 
 0.000140428 
 0.000140428 
 0.000140428 
 0.000140428 
 0.000140428 
 0.000140428 
 0.000140428 
 0.000140428 
 0.000140428 
 0.000140428 
 0.000140428 
 0.000140428 
 0.000140428 
 0.000140428 
 0.000140428 
 0.000140428 
 0.000140428 
 0.000140428 
 0.000140428 
 0.000140428 
 0.000140428 
 0.000140428 
 0.000140428 
 0.000140428 
 0.000140428 
 0.000140428 
 0.000140428 
 0.000140428 
 0.000140428 
 0.000140428 
 0.000140428 
 0.000140428 
 0.000140428 
 0.000140428 
 0.000140428 
 0.000140428 
 0.000140428 
 0.000140428 
 0.000140428 
 0.000140428 
 0.000140428 
 0.000140428 
 0.000140428 
 0.000140428 
 0.000140428 
 0.000140428 
 0.000140428 
 0.000140428 
 0.000140428 
 0.000140428 
 0.000140428 
 0.000140416 
 0.000140416 
 0.000140416 
 0.000140416 
 0.000140416 
 0.000140416 
 0.000140416 
 0.000140416 
 0.000140416 
 0.000140416 
 0.000140416 
 0.000140416 
 0.000140416 
 0.000140416 
 0.000140416 
 0.000140416 
 0.000140416 
 0.000140416 
 0.000140416 
 0.000140416 
 0.000140416 
 0.000140416 
 0.000140416 
 0.000140416 
 0.000140416 
 0.000140416 
 0.000140416 
 0.000140416 
 0.000140416 
 0.000140416 
 0.000140416 
 0.000140416 
 0.000140416 
 0.000140416 
 0.000140416 
 0.000140416 
 0.000140416 
 0.000140416 
 0.000140416 
 0.000140416 
 0.000140416 
 0.000140416 
 0.000140416 
 0.000140416 
 0.000140416 
 0.000140416 
 0.000140416 
 0.000140416 
 0.000140416 
 0.000140416 
 0.000140416 
 0.000140416 
 0.000140416 
 0.000140416 
 0.000140416 
 0.000140416 
 0.000140416 
 0.000140416 
 0.000149431 
 0.000149431 
 0.000143519 
 0.000149431 
 0.000149431 
 0.000149431 
 0.000149431 
 0.000143519 
 0.000143519 
 0.000143519 
 0.000145586 
 0.000168 
 0.000159083 
 0.00015238 
 0.000186049 
 0.000186049 
 0.000152818 
 0.000152818 
 0.000152818 
 0.000146114 
 0.000146114 
 0.000146114 
 0.000152484 
 0.000155085 
 0.000155085 
 0.000161605 
 0.000161605 
 0.000146114 
 0.000150514 
 0.000146114 
 0.000150514 
 0.000155883 
 0.000142776 
 0.000142776 
 0.000142776 
 0.000142776 
 0.000142776 
 0.000256469 
 0.000142776 
 0.000145709 
 0.000146044 
 0.000146044 
 0.000146044 
 0.000183984 
 0.000300742 
 0.000161829 
 0.000161829 
 0.000183984 
 0.000349505 
 0.000183135 
 0.000245805 
 0.00014406 
 0.000145369 
 0.000191226 
 0.000143738 
 0.000143738 
 0.000143738 
 0.000204 
 0.000143738 
 0.000145917 
 0.000145917 
 0.000145917 
 0.000145917 
 0.000145917 
 0.000145917 
 0.000145917 
 0.000182765 
 0.000182765 
 0.000161573 
 0.000154273 
 0.000154273 
 0.000157164 
 0.000157164 
 0.000157164 
 0.000157164 
 0.000157164 
 0.000183374 
 0.000146807 
 0.000158153 
 0.000158153 
 0.000158153 
 0.000162181 
 0.000195942 
 0.000150928 
 0.000150928 
 0.000150928 
 0.000161461 
 0.000161461 
 0.000161461 
 0.000149351 
 0.000149351 
 0.000149351 
 0.000183295 
 0.000183295 
 0.000183295 
 0.000150587 
 0.000150587 
 0.000150587 
 0.000172413 
 0.000172413 
 0.000327393 
 0.000146675 
 0.000146675 
 0.000165179 
 0.000146675 
 0.000190678 
 0.000159064 
 0.000165179 
 0.000165179 
 0.000140608 
 0.000140608 
 0.000140608 
 0.000140608 
 0.000140608 
 0.000140608 
 0.000140608 
 0.000140608 
 0.000140608 
 0.000140608 
 0.000140608 
 0.000140608 
 0.000140608 
 0.000140608 
 0.000140608 
 0.000140608 
 0.000140608 
 0.000140608 
 0.000140608 
 0.000140608 
 0.000140608 
 0.000140608 
 0.000140608 
 0.000140608 
 0.000140608 
 0.000140608 
 0.000140608 
 0.000140608 
 0.000140608 
 0.000140608 
 0.000140608 
 0.000140608 
 0.000140608 
 0.000140608 
 0.000140608 
 0.000140608 
 0.000140608 
 0.000140608 
 0.000140608 
 0.000140608 
 0.000140608 
 0.000140608 
 0.000140608 
 0.000140608 
 0.000140608 
 0.000140608 
 0.000140608 
 0.000140608 
 0.000140608 
 0.000140608 
 0.000140608 
 0.000140608 
 0.000140608 
 0.000148556 
 0.000148556 
 0.000148556 
 0.000148556 
 0.000148556 
 0.000184153 
 0.000160481 
 0.000160481 
 0.000160481 
 0.000160481 
 0.000160481 
 0.000160481 
 0.000160481 
 0.000147372 
 0.000147372 
 0.000147372 
 0.000147372 
 0.000147372 
 0.000147372 
 0.000147372 
 0.000147372 
 0.000147372 
 0.000147372 
 0.000147372 
 0.000147372 
 0.000147372 
 0.000147372 
 0.000147372 
 0.000147372 
 0.000147372 
 0.000147372 
 0.000147372 
 0.000147372 
 0.000147372 
 0.000147372 
 0.000147372 
 0.000147372 
 0.000147372 
 0.000147372 
 0.000162109 
 0.000147372 
 0.000147372 
 0.000147372 
 0.000147372 
 0.000147372 
 0.000147372 
 0.000147372 
 0.000147372 
 0.000141442 
 0.000141442 
 0.000141442 
 0.000141442 
 0.000141442 
 0.000141442 
 0.000141442 
 0.000141442 
 0.000141442 
 0.000141442 
 0.000141442 
 0.000141442 
 0.000141442 
 0.000141442 
 0.000141442 
 0.000141442 
 0.000141442 
 0.000141442 
 0.000141442 
 0.000141442 
 0.000141442 
 0.000141442 
 0.000141442 
 0.000141442 
 0.000141442 
 0.000141442 
 0.000141442 
 0.000141442 
 0.000141442 
 0.000192739 
 0.000192739 
 0.000192739 
 0.000192739 
 0.000192739 
 0.000192739 
 0.000192739 
 0.000163272 
 0.000163272 
 0.000163272 
 0.000163272 
 0.000163272 
 0.000148578 
 0.000148578 
 0.000148578 
 0.000148578 
 0.000148578 
 0.000148578 
 0.000148578 
 0.000148578 
 0.000148578 
 0.000148578 
 0.000148578 
 0.000148578 
 0.000148578 
 0.000148578 
 0.000148578 
 0.000148578 
 0.000148578 
 0.000148578 
 0.000148578 
 0.000148578 
 0.000155189 
 0.000155189 
 0.000167767 
 0.000142764 
 0.000142764 
 0.000142764 
 0.000142764 
 0.000142764 
 0.000142764 
 0.000142764 
 0.000142764 
 0.000142764 
 0.000142764 
 0.000142764 
 0.000142764 
 0.000142764 
 0.000142764 
 0.000142764 
 0.00034515 
 0.000202937 
 0.000180808 
 0.000177025 
 0.000176786 
 0.00017677 
 0.000176769 
 0.000176769 
 0.000176769 
 0.00017677 
 0.000176777 
 0.000176911 
 0.000179505 
 0.000191925 
 0.000310813 
 0.000168199 
 0.000168199 
 0.000168199 
 0.000168199 
 0.000168199 
 0.000168199 
 0.000720801 
 0.000275684 
 0.000189447 
 0.000175723 
 0.000174669 
 0.000174589 
 0.000174582 
 0.000174582 
 0.000174582 
 0.000174582 
 0.000174582 
 0.000174582 
 0.000174582 
 0.000174582 
 0.000174582 
 0.000174582 
 0.000174582 
 0.000174582 
 0.000174582 
 0.000174582 
 0.000174582 
 0.000174582 
 0.000174582 
 0.000174582 
 0.000174582 
 0.000174582 
 0.000174582 
 0.000174582 
 0.000174582 
 0.000174582 
 0.000174582 
 0.000174582 
 0.000174582 
 0.000174582 
 0.000174582 
 0.000174589 
 0.000174665 
 0.000175547 
 0.000184811 
 0.000194901 
 0.00059224 
 0.000255674 
 0.000187415 
 0.000175586 
 0.000174677 
 0.000174608 
 0.000174602 
 0.000174602 
 0.000174602 
 0.000174602 
 0.000174602 
 0.000174602 
 0.000174602 
 0.000174602 
 0.000174602 
 0.000174602 
 0.000174602 
 0.000174602 
 0.000174602 
 0.000174602 
 0.000174602 
 0.000174602 
 0.000174602 
 0.000174602 
 0.000174602 
 0.000174603 
 0.000174608 
 0.000174676 
 0.000175467 
 0.000183764 
 0.000188279 
 0.000292398 
 0.000209147 
 0.000182811 
 0.000175394 
 0.000174824 
 0.000174785 
 0.000174831 
 0.000175409 
 0.000181477 
 0.000172978 
 0.000463696 
 0.000235684 
 0.000185401 
 0.000175464 
 0.000174701 
 0.000174643 
 0.000174638 
 0.000174638 
 0.000174638 
 0.000174638 
 0.000174638 
 0.000174638 
 0.000174638 
 0.000174638 
 0.000174638 
 0.000174638 
 0.000174638 
 0.000174643 
 0.000174703 
 0.000175402 
 0.000182736 
 0.000181676 
 0.000635092 
 0.000262342 
 0.000188091 
 0.00017563 
 0.000174674 
 0.0001746 
 0.000174595 
 0.000174594 
 0.000174594 
 0.000174594 
 0.000174594 
 0.000174594 
 0.000174594 
 0.000174594 
 0.000174594 
 0.000174594 
 0.000174594 
 0.000174594 
 0.000174594 
 0.000174594 
 0.000174594 
 0.000174594 
 0.000174594 
 0.000174594 
 0.000174594 
 0.000174594 
 0.000174594 
 0.000174594 
 0.000174595 
 0.0001746 
 0.000174671 
 0.000175492 
 0.000184112 
 0.000190485 
 0.000392298 
 0.000224598 
 0.000184298 
 0.000175413 
 0.00017473 
 0.000174677 
 0.000174673 
 0.000174673 
 0.000174673 
 0.000174673 
 0.000174673 
 0.000174674 
 0.000174678 
 0.000174734 
 0.000175382 
 0.000182184 
 0.000178026 
 0.000549389 
 0.000249007 
 0.000186741 
 0.000175543 
 0.000174683 
 0.000174617 
 0.000174612 
 0.000174612 
 0.000174611 
 0.000174611 
 0.000174611 
 0.000174611 
 0.000174611 
 0.000174611 
 0.000174611 
 0.000174611 
 0.000174611 
 0.000174611 
 0.000174611 
 0.000174611 
 0.000174611 
 0.000174612 
 0.000174612 
 0.000174617 
 0.000174683 
 0.000175443 
 0.000183418 
 0.000186075 
 0.000906512 
 0.000304602 
 0.000192394 
 0.000175933 
 0.00017467 
 0.000174573 
 0.000174565 
 0.000174565 
 0.000174565 
 0.000174565 
 0.000174565 
 0.000174565 
 0.000174565 
 0.000174565 
 0.000174565 
 0.000174565 
 0.000174565 
 0.000174565 
 0.000174565 
 0.000174565 
 0.000174565 
 0.000174565 
 0.000174565 
 0.000174565 
 0.000174565 
 0.000174565 
 0.000174565 
 0.000174565 
 0.000174565 
 0.000174565 
 0.000174565 
 0.000174565 
 0.000174565 
 0.000174565 
 0.000174565 
 0.000174565 
 0.000174565 
 0.000174565 
 0.000174565 
 0.000174565 
 0.000174565 
 0.000174565 
 0.000174565 
 0.000174565 
 0.000174565 
 0.000174565 
 0.000174565 
 0.000174565 
 0.000174573 
 0.00017466 
 0.000175676 
 0.000186338 
 0.000204478 
 0.000506541 
 0.000242344 
 0.000186069 
 0.000175502 
 0.00017469 
 0.000174628 
 0.000174624 
 0.000174623 
 0.000174623 
 0.000174623 
 0.000174623 
 0.000174623 
 0.000174623 
 0.000174623 
 0.000174623 
 0.000174623 
 0.000174623 
 0.000174623 
 0.000174623 
 0.000174624 
 0.000174629 
 0.000174692 
 0.000175421 
 0.000183075 
 0.000183874 
 0.000363746 
 0.000220172 
 0.000183863 
 0.000175398 
 0.000174747 
 0.000174698 
 0.000174694 
 0.000174693 
 0.000174693 
 0.000174694 
 0.000174698 
 0.000174752 
 0.00017538 
 0.00018197 
 0.000176573 
 0.000363843 
 0.000220219 
 0.000183893 
 0.000175426 
 0.000174775 
 0.000174725 
 0.000174721 
 0.000174721 
 0.000174721 
 0.000174721 
 0.000174726 
 0.00017478 
 0.000175409 
 0.000182009 
 0.000176636 
 0.000149766 
 0.000149766 
 0.000149766 
 0.000149766 
 0.000149766 
 0.000149766 
 0.000149766 
 0.000149766 
 0.000149766 
 0.000149766 
 0.000149766 
 0.000149766 
 0.000149766 
 0.000149766 
 0.000149766 
 0.00018273 
 0.000167671 
 0.00016815 
 0.000167651 
 0.00016803 
 0.000142764 
 0.000142764 
 0.000142764 
 0.000142764 
 0.000142764 
 0.000142764 
 0.000142764 
 0.000142764 
 0.000142764 
 0.000142764 
 0.000142764 
 0.000142764 
 0.000142764 
 0.000142764 
 0.000142764 
 0.00034515 
 0.000202937 
 0.000180808 
 0.000177025 
 0.000176786 
 0.00017677 
 0.000176769 
 0.000176769 
 0.000176769 
 0.00017677 
 0.000176777 
 0.000176911 
 0.000179505 
 0.000191925 
 0.000310813 
 0.000168199 
 0.000168199 
 0.000168199 
 0.000168199 
 0.000168199 
 0.000168199 
 0.000150587 
 0.000150587 
 0.000150587 
 0.00018273 
 0.000146651 
 0.000146651 
 0.000154956 
 0.000154956 
 0.000144545 
 0.000144545 
 0.000144545 
 0.000152908 
 0.000152908 
 0.000152908 
 0.000159461 
 0.000159461 
 0.000159461 
 0.000604711 
 0.000161091 
 0.000161091 
 0.000182507 
 0.000150382 
 0.000150382 
 0.000150382 
 0.000165321 
 0.000165321 
 0.000153952 
 0.000153952 
 0.000153952 
 0.000167272 
 0.000167272 
 0.00025961 
 0.00025961 
 0.00025961 
 0.00025961 
 0.00027259 
 0.000263797 
 0.000195024 
 0.000434174 
 0.000165887 
 0.000165887 
 0.000194615 
 0.000146378 
 0.000146378 
 0.000146378 
 0.000146378 
 0.000161283 
 0.000161283 
 0.000154211 
 0.000154211 
 0.000434484 
 0.000182795 
 0.000200874 
 0.000182795 
 0.000145146 
 0.000145146 
 0.000145146 
 0.000145146 
 0.000145146 
 0.000145146 
 0.000145146 
 0.000145146 
 0.000154266 
 0.000154266 
 0.000154266 
 0.000247545 
 0.000194504 
 0.00016391 
 0.000151245 
 0.000151245 
 0.000151245 
 0.000151245 
 0.000151064 
 0.000146551 
 0.000152192 
 0.000153622 
 0.000150246 
 0.000151064 
 0.000151064 
 0.000283288 
 0.000151536 
 0.000151536 
 0.000151536 
 0.000151536 
 0.000194663 
 0.000156916 
 0.000156916 
 0.000156916 
 0.000150587 
 0.000150587 
 0.000150587 
 0.000183677 
 0.000207441 
 0.000149585 
 0.000152063 
 0.000181856 
 0.000153735 
 0.000153735 
 0.000160765 
 0.000160765 
 0.000153735 
 0.000153735 
 0.000153735 
 0.000181856 
 0.000181856 
 0.000363843 
 0.000220219 
 0.000183893 
 0.000175426 
 0.000174775 
 0.000174725 
 0.000174721 
 0.000174721 
 0.000174721 
 0.000174721 
 0.000174726 
 0.00017478 
 0.000175409 
 0.000182009 
 0.000176636 
 0.000149766 
 0.000149766 
 0.000149766 
 0.000149766 
 0.000149766 
 0.000149766 
 0.000149766 
 0.000149766 
 0.000149766 
 0.000149766 
 0.000149766 
 0.000149766 
 0.000149766 
 0.000149766 
 0.000149766 
 0.000140153 
 0.000140153 
 0.000140153 
 0.000140153 
 0.000140153 
 0.000140153 
 0.000140153 
 0.000140153 
 0.000140153 
 0.000140153 
 0.000140153 
 0.000140153 
 0.000140153 
 0.000140153 
 0.000140153 
 0.000140153 
 0.000140153 
 0.000140153 
 0.000140153 
 0.000140153 
 0.000140153 
 0.000140153 
 0.000140153 
 0.000140153 
 0.000140153 
 0.000140153 
 0.000140153 
 0.000140153 
 0.000140153 
 0.000140153 
 0.000140153 
 0.000140153 
 0.000140153 
 0.000140153 
 0.000140153 
 0.000140153 
 0.000140153 
 0.000140153 
 0.000140153 
 0.000140153 
 0.000140153 
 0.000140153 
 0.000140153 
 0.000140153 
 0.000140153 
 0.000140153 
 0.000140153 
 0.000140153 
 0.000140153 
 0.000140153 
 0.000140153 
 0.000140153 
 0.000140153 
 0.000140153 
 0.000140153 
 0.000140153 
 0.000140153 
 0.000140153 
 0.000140153 
 0.000140153 
 0.000140153 
 0.000140153 
 0.000140153 
 0.000140153 
 0.000140153 
 0.000140153 
 0.000140153 
 0.000140153 
 0.000140153 
 0.000140153 
 0.000140153 
 0.000140153 
 0.000140153 
 0.000140153 
 0.000140153 
 0.000140153 
 0.000140153 
 0.000140153 
 0.000140153 
 0.000140153 
 0.000140153 
 0.000140153 
 0.000140153 
 0.000140153 
 0.000140153 
 0.000140153 
 0.000140153 
 0.000140153 
 0.000140153 
 0.000140153 
 0.000140153 
 0.000140153 
 0.000140153 
 0.000140153 
 0.000140153 
 0.000140153 
 0.000140153 
 0.000140153 
 0.000140153 
 0.000140153 
 0.000140153 
 0.000140153 
 0.000140052 
 0.000140052 
 0.000140052 
 0.000140052 
 0.000140052 
 0.000140052 
 0.000140052 
 0.000140052 
 0.000140052 
 0.000140052 
 0.000140052 
 0.000140052 
 0.000140052 
 0.000140052 
 0.000140052 
 0.000140052 
 0.000140052 
 0.000140052 
 0.000140052 
 0.000140052 
 0.000140052 
 0.000140052 
 0.000140052 
 0.000140052 
 0.000140052 
 0.000140052 
 0.000140052 
 0.000140052 
 0.000140052 
 0.000140052 
 0.000140052 
 0.000140052 
 0.000140052 
 0.000140052 
 0.000140052 
 0.000140052 
 0.000140052 
 0.000140052 
 0.000140052 
 0.000140052 
 0.000140052 
 0.000140052 
 0.000140052 
 0.000140052 
 0.000140052 
 0.000140052 
 0.000140052 
 0.000140052 
 0.000140052 
 0.000140052 
 0.000140052 
 0.000140052 
 0.000140052 
 0.000140052 
 0.000140052 
 0.000140052 
 0.000140052 
 0.000140052 
 0.000140052 
 0.000140052 
 0.000140052 
 0.000140052 
 0.000140052 
 0.000140052 
 0.000140052 
 0.000140052 
 0.000140052 
 0.000140052 
 0.000140052 
 0.000140052 
 0.000140052 
 0.000140052 
 0.000140052 
 0.000140052 
 0.000140052 
 0.000140052 
 0.000140052 
 0.000140052 
 0.000140052 
 0.000140052 
 0.000140052 
 0.000140052 
 0.000140052 
 0.000140052 
 0.000140052 
 0.000140052 
 0.000140052 
 0.000140052 
 0.000140052 
 0.000140052 
 0.000140052 
 0.000140052 
 0.000140052 
 0.000140052 
 0.000140052 
 0.000140052 
 0.000140052 
 0.000140052 
 0.000140052 
 0.000140052 
 0.000140052 
 0.000140052 
 0.000140052 
 0.000140052 
 0.000140052 
 0.000140052 
 0.000140052 
 0.000140052 
 0.000140052 
 0.000140052 
 0.000140052 
 0.000140052 
 0.000140052 
 0.000140052 
 0.000140052 
 0.000140052 
 0.000140052 
 0.000140052 
 0.000140052 
 0.000140052 
 0.000140052 
 0.000140052 
 0.000140052 
 0.000140052 
 0.000140052 
 0.000140052 
 0.000140052 
 0.000140052 
 0.000140052 
 0.000140052 
 0.000363843 
 0.000220219 
 0.000183893 
 0.000175426 
 0.000174775 
 0.000174725 
 0.000174721 
 0.000174721 
 0.000174721 
 0.000174721 
 0.000174726 
 0.00017478 
 0.000175409 
 0.000182009 
 0.000176636 
 0.000149766 
 0.000149766 
 0.000149766 
 0.000149766 
 0.000149766 
 0.000149766 
 0.000149766 
 0.000149766 
 0.000149766 
 0.000149766 
 0.000149766 
 0.000149766 
 0.000149766 
 0.000149766 
 0.000149766 
 0.00015517 
 0.00015517 
 0.000146227 
 0.000194426 
 0.000156206 
 0.000180563 
 0.000180563 
 0.000148467 
 0.000208507 
 0.000151173 
 0.00019425 
 0.000158282 
 0.000158282 
 0.000182024 
 0.000158282 
 0.000158282 
 0.000158282 
 0.00018944 
 0.00018944 
 0.000198059 
 0.000158295 
 0.000158295 
 0.000158295 
 0.000158295 
 0.000158295 
 0.000158295 
 0.000158295 
 0.000176806 
 0.000176806 
 0.000164261 
 0.000143369 
 0.000143369 
 0.000143369 
 0.000150441 
 0.000143369 
 0.000143369 
 0.000143369 
 0.000143369 
 0.000143369 
 0.000143369 
 0.000143369 
 0.000150441 
 0.000143369 
 0.000149011 
 0.000143369 
 0.000149011 
 0.000143369 
 0.000150441 
 0.000143369 
 0.000143369 
 0.000143369 
 0.000150441 
 0.000198073 
 0.000141418 
 0.000141418 
 0.000141418 
 0.000141418 
 0.000141418 
 0.000141418 
 0.000141418 
 0.000196048 
 0.000141418 
 0.000201451 
 0.000141418 
 0.000141418 
 0.000141418 
 0.000141418 
 0.000141418 
 0.000141418 
 0.000141418 
 0.000141418 
 0.000141418 
 0.000141418 
 0.000141418 
 0.000141418 
 0.000141418 
 0.000141418 
 0.00014234 
 0.000183666 
 0.00014234 
 0.00014234 
 0.00014234 
 0.00014234 
 0.00014234 
 0.00014234 
 0.00014234 
 0.00014234 
 0.00014234 
 0.00014234 
 0.00014234 
 0.00014234 
 0.00014234 
 0.00014234 
 0.00014234 
 0.00014234 
 0.00014234 
 0.00014234 
 0.00014234 
 0.000141192 
 0.00014234 
 0.00014234 
 0.00014234 
 0.00014234 
 0.00014234 
 0.000141192 
 0.000198002 
 0.000163105 
 0.000146445 
 0.000146445 
 0.000146445 
 0.000146445 
 0.000146445 
 0.000146445 
 0.000146445 
 0.000146445 
 0.000200133 
 0.000200133 
 0.000200133 
 0.000200133 
 0.000200133 
 0.000200133 
 0.000165056 
 0.00016235 
 0.000168812 
 0.000199092 
 0.000144187 
 0.000144187 
 0.000144187 
 0.000144187 
 0.000144187 
 0.000144187 
 0.000144187 
 0.000145316 
 0.000188572 
 0.000145316 
 0.000145316 
 0.000199096 
 0.000160887 
 0.000168931 
 0.0001821 
 0.000248802 
 0.000200109 
 0.0001821 
 0.000140822 
 0.000140822 
 0.000140822 
 0.000140822 
 0.000140822 
 0.000140822 
 0.000140822 
 0.000140822 
 0.000140822 
 0.000140822 
 0.000146734 
 0.000146734 
 0.000146734 
 0.000146734 
 0.000146734 
 0.000146734 
 0.000199075 
 0.000145166 
 0.000167138 
 0.000167138 
 0.00014238 
 0.00014238 
 0.00014238 
 0.00014238 
 0.00014238 
 0.00014238 
 0.00014238 
 0.00014238 
 0.00014238 
 0.00014238 
 0.00014238 
 0.00014238 
 0.00014238 
 0.00014238 
 0.000199402 
 0.000146746 
 0.000146746 
 0.000146746 
 0.000147719 
 0.000147719 
 0.000147719 
 0.000147719 
 0.000147719 
 0.000157884 
 0.000157884 
 0.000164651 
 0.000197659 
 0.000206643 
 0.000146441 
 0.000146441 
 0.000146441 
 0.000146441 
 0.000146441 
 0.000146441 
 0.000160339 

