6012 10105
1 2
8 2
16 2
18 2
20 2
23 2
26 2
27 2
28 2
29 2
30 2
31 2
32 2
33 2
34 2
35 2
36 2
37 2
38 2
39 2
41 2
42 2
43 2
44 2
45 2
46 2
47 2
48 2
50 2
51 2
52 2
53 2
54 2
55 2
56 2
57 2
58 2
59 2
60 2
61 2
68 2
70 2
71 2
74 2
75 2
76 2
78 2
79 2
80 2
81 2
82 2
83 2
84 2
95 2
96 2
97 2
98 2
100 2
101 2
103 2
104 2
106 2
111 2
112 2
113 2
115 2
116 2
117 2
118 2
119 2
122 2
123 2
124 2
125 2
126 2
127 2
128 2
130 2
133 2
134 2
135 2
136 2
137 2
138 2
142 2
143 2
144 2
145 2
146 2
148 2
149 2
150 2
151 2
153 2
154 2
155 2
156 2
157 2
158 2
159 2
160 2
161 2
162 2
163 2
164 2
165 2
166 2
167 2
168 2
169 2
170 2
171 2
172 2
173 2
174 2
175 2
176 2
177 2
178 2
179 2
180 2
181 2
182 2
183 2
184 2
185 2
186 2
187 2
188 2
189 2
192 2
193 2
194 2
195 2
196 2
197 2
198 2
199 2
200 2
201 2
202 2
203 2
204 2
205 2
212 2
213 2
214 2
215 2
216 2
217 2
218 2
219 2
220 2
221 2
226 2
227 2
228 2
229 2
230 2
231 2
235 2
236 2
237 2
238 2
239 2
240 2
242 2
243 2
244 2
245 2
246 2
247 2
248 2
249 2
250 2
251 2
252 2
253 2
254 2
255 2
256 2
257 2
259 2
261 2
262 2
263 2
264 2
265 2
266 2
267 2
268 2
269 2
270 2
272 2
273 2
275 2
276 2
277 2
278 2
279 2
280 2
281 2
282 2
283 2
284 2
285 2
286 2
287 2
288 2
289 2
290 2
291 2
292 2
293 2
294 2
295 2
296 2
297 2
298 2
299 2
300 2
301 2
302 2
303 2
304 2
305 2
306 2
308 2
309 2
310 2
311 2
312 2
313 2
314 2
315 2
316 2
317 2
318 2
319 2
320 2
321 2
322 2
323 2
331 2
332 2
333 2
334 2
335 2
336 2
340 2
341 2
352 2
357 2
373 2
374 2
375 2
376 2
377 2
378 2
379 2
381 2
388 2
389 2
411 2
412 2
417 2
418 2
419 2
420 2
421 2
422 2
423 2
424 2
429 2
448 2
449 2
450 2
451 2
452 2
455 2
457 2
458 2
459 2
460 2
461 2
462 2
463 2
464 2
465 2
466 2
469 2
479 2
480 2
481 2
500 2
501 2
502 2
503 2
505 2
506 2
507 2
508 2
509 2
510 2
511 2
512 2
513 2
514 2
515 2
516 2
517 2
518 2
519 2
520 2
521 2
527 2
528 2
529 2
530 2
550 2
554 2
555 2
556 2
558 2
559 2
560 2
561 2
562 2
563 2
564 2
574 2
579 2
580 2
581 2
584 2
597 2
598 2
599 2
601 2
602 2
603 2
604 2
606 2
607 2
608 2
609 2
614 2
617 2
618 2
619 2
620 2
622 2
623 2
624 2
625 2
626 2
630 2
648 2
649 2
650 2
651 2
652 2
653 2
654 2
655 2
656 2
657 2
668 2
669 2
670 2
671 2
672 2
673 2
675 2
676 2
677 2
686 2
687 2
688 2
689 2
709 2
763 2
764 2
765 2
766 2
767 2
769 2
770 2
772 2
773 2
774 2
775 2
776 2
778 2
779 2
780 2
781 2
783 2
784 2
785 2
786 2
787 2
788 2
790 2
791 2
792 2
793 2
794 2
795 2
796 2
797 2
798 2
800 2
801 2
802 2
803 2
808 2
809 2
810 2
811 2
812 2
813 2
814 2
815 2
817 2
818 2
819 2
820 2
821 2
824 2
825 2
826 2
830 2
831 2
832 2
833 2
834 2
835 2
837 2
844 2
846 2
869 2
870 2
871 2
872 2
873 2
874 2
880 2
889 2
935 2
936 2
937 2
944 2
945 2
946 2
947 2
948 2
949 2
950 2
951 2
952 2
953 2
954 2
955 2
956 2
957 2
958 2
959 2
960 2
961 2
962 2
964 2
965 2
966 2
967 2
968 2
969 2
971 2
972 2
973 2
974 2
975 2
976 2
977 2
978 2
979 2
980 2
981 2
982 2
983 2
984 2
985 2
986 2
987 2
988 2
989 2
991 2
994 2
997 2
998 2
999 2
1000 2
1001 2
1002 2
1005 2
1006 2
1007 2
1008 2
1011 2
1012 2
1013 2
1014 2
1015 2
1016 2
1017 2
1018 2
1019 2
1023 2
1024 2
1028 2
1035 2
1036 2
1037 2
1038 2
1161 2
1162 2
1163 2
1164 2
1165 2
1166 2
1167 2
1169 2
1179 2
1180 2
1181 2
1182 2
1183 2
1184 2
1185 2
1186 2
1196 2
1197 2
1207 2
1208 2
1209 2
1210 2
1211 2
1212 2
1213 2
1214 2
1284 2
1285 2
1286 2
1287 2
1290 2
1291 2
1292 2
1305 2
1311 2
1313 2
1314 2
1315 2
1316 2
1317 2
1318 2
1319 2
1320 2
1321 2
1322 2
1323 2
1340 2
1341 2
1344 2
1365 2
1366 2
1370 2
1377 2
1379 2
1380 2
1382 2
1383 2
1384 2
1385 2
1386 2
1387 2
1388 2
1389 2
1442 2
1461 2
1462 2
1463 2
1464 2
1465 2
1466 2
1468 2
1469 2
1470 2
1471 2
1472 2
1535 2
1537 2
1544 2
1548 2
1551 2
1552 2
1553 2
1589 2
1590 2
1591 2
1607 2
1619 2
1641 2
1642 2
1643 2
1644 2
1645 2
1646 2
1647 2
1649 2
1657 2
1658 2
1659 2
1660 2
1661 2
1662 2
1663 2
1664 2
1669 2
1670 2
1671 2
1672 2
1673 2
1674 2
1675 2
1677 2
1681 2
1682 2
1684 2
1685 2
1686 2
1687 2
1688 2
1689 2
1695 2
1696 2
1699 2
1700 2
1705 2
1707 2
1710 2
1711 2
1714 2
1715 2
1718 2
1719 2
1722 2
1737 2
1739 2
1740 2
1871 2
1878 2
1895 2
1896 2
1897 2
1898 2
1900 2
1901 2
1902 2
1903 2
1904 2
1905 2
1907 2
1908 2
1909 2
1910 2
1911 2
1912 2
1913 2
1914 2
1915 2
1916 2
1917 2
1918 2
1919 2
1920 2
1921 2
1922 2
1923 2
1924 2
1925 2
1927 2
1928 2
1929 2
1930 2
1931 2
1932 2
1933 2
1934 2
1935 2
1936 2
1937 2
1939 2
1940 2
1941 2
1942 2
1943 2
1944 2
1945 2
1962 2
1979 2
1981 2
1982 2
1983 2
1984 2
1985 2
1986 2
1987 2
1988 2
1989 2
1990 2
1992 2
2028 2
2061 2
2064 2
2132 2
2172 2
2341 2
2342 2
2343 2
2344 2
2376 2
2586 2
2601 2
2714 2
2715 2
2716 2
2717 2
2753 2
2782 2
2799 2
2800 2
2801 2
2803 2
2804 2
2805 2
2806 2
2807 2
2808 2
2810 2
2811 2
2812 2
2813 2
2814 2
2815 2
2816 2
2817 2
2818 2
2819 2
2820 2
2821 2
2822 2
2823 2
2824 2
2825 2
2826 2
2827 2
2828 2
2830 2
2831 2
2832 2
2833 2
2834 2
2835 2
2836 2
2837 2
2838 2
2839 2
2840 2
2842 2
2843 2
2844 2
2845 2
2846 2
2847 2
2848 2
2865 2
2882 2
2884 2
2885 2
2886 2
2887 2
2888 2
2889 2
2890 2
2891 2
2892 2
2893 2
2895 2
2931 2
2964 2
2967 2
3112 2
3121 2
3123 2
3151 2
3156 2
3157 2
3158 2
3159 2
3160 2
3161 2
3162 2
3163 2
3164 2
3181 2
3187 2
3190 2
3207 2
3231 2
3232 2
3499 2
3511 2
3664 2
3730 2
3739 2
4484 2
4862 2
5510 2
6003 2
1 3
351 3
374 3
377 3
528 3
1162 3
1165 3
1168 3
1284 3
1285 3
1287 3
2341 3
2342 3
2343 3
2344 3
2717 3
1 4
1 5
1 6
1 7
4 7
5 7
8 7
9 7
11 7
13 7
15 7
19 7
21 7
22 7
24 7
85 7
86 7
87 7
88 7
89 7
95 7
96 7
97 7
98 7
100 7
101 7
103 7
104 7
190 7
222 7
226 7
227 7
228 7
229 7
230 7
340 7
351 7
352 7
353 7
371 7
373 7
374 7
375 7
376 7
377 7
378 7
379 7
381 7
417 7
418 7
419 7
420 7
421 7
422 7
423 7
424 7
474 7
475 7
494 7
495 7
497 7
528 7
531 7
532 7
533 7
534 7
535 7
572 7
573 7
574 7
575 7
582 7
583 7
586 7
589 7
590 7
591 7
595 7
597 7
601 7
602 7
603 7
604 7
606 7
607 7
608 7
609 7
611 7
627 7
935 7
936 7
937 7
1159 7
1161 7
1162 7
1163 7
1164 7
1165 7
1166 7
1167 7
1169 7
1179 7
1180 7
1181 7
1182 7
1183 7
1184 7
1185 7
1186 7
1284 7
1285 7
1286 7
1287 7
1391 7
1509 7
1510 7
1511 7
1512 7
1513 7
1514 7
1515 7
1516 7
1547 7
1548 7
1565 7
1639 7
1641 7
1642 7
1643 7
1644 7
1645 7
1646 7
1647 7
1649 7
1657 7
1658 7
1659 7
1660 7
1661 7
1662 7
1663 7
1664 7
1706 7
2341 7
2342 7
2343 7
2344 7
2354 7
2376 7
2677 7
2714 7
2715 7
2716 7
2717 7
2727 7
2783 7
3123 7
3207 7
3231 7
3232 7
3499 7
1 8
88 8
227 8
229 8
935 8
936 8
937 8
1 9
2377 9
1 10
9 10
351 10
358 10
359 10
360 10
361 10
531 10
1160 10
1162 10
1163 10
1165 10
2341 10
2342 10
2343 10
3094 10
1 11
1 12
391 12
1629 12
2633 12
1 13
531 13
1 14
28 14
47 14
113 14
116 14
117 14
448 14
3320 14
1 15
9 15
1428 15
4445 15
4771 15
1 16
37 16
38 16
47 16
48 16
76 16
78 16
79 16
93 16
1 17
24 17
1 18
457 18
458 18
459 18
460 18
461 18
462 18
463 18
464 18
465 18
466 18
1469 18
1470 18
1471 18
1472 18
1908 18
2811 18
3664 18
4484 18
4862 18
5504 18
1 19
4 19
5 19
7 19
8 19
9 19
11 19
13 19
15 19
21 19
22 19
24 19
85 19
86 19
87 19
88 19
89 19
95 19
96 19
97 19
98 19
100 19
101 19
103 19
104 19
222 19
226 19
227 19
228 19
229 19
230 19
340 19
351 19
352 19
353 19
371 19
373 19
374 19
375 19
376 19
377 19
378 19
379 19
381 19
417 19
418 19
419 19
420 19
421 19
422 19
423 19
424 19
474 19
475 19
494 19
495 19
497 19
528 19
531 19
532 19
533 19
534 19
535 19
572 19
573 19
574 19
575 19
582 19
583 19
586 19
589 19
590 19
591 19
595 19
597 19
601 19
602 19
603 19
604 19
606 19
607 19
608 19
609 19
627 19
935 19
936 19
937 19
1159 19
1161 19
1162 19
1163 19
1164 19
1165 19
1166 19
1167 19
1169 19
1179 19
1180 19
1181 19
1182 19
1183 19
1184 19
1185 19
1186 19
1284 19
1285 19
1286 19
1287 19
1391 19
1509 19
1510 19
1511 19
1512 19
1513 19
1514 19
1515 19
1516 19
1547 19
1548 19
1565 19
1639 19
1641 19
1642 19
1643 19
1644 19
1645 19
1646 19
1647 19
1649 19
1657 19
1658 19
1659 19
1660 19
1661 19
1662 19
1663 19
1664 19
1706 19
2341 19
2342 19
2343 19
2344 19
2354 19
2376 19
2677 19
2714 19
2715 19
2716 19
2717 19
2727 19
2783 19
3123 19
3207 19
3231 19
3232 19
3499 19
1 20
483 20
484 20
485 20
487 20
488 20
489 20
490 20
491 20
492 20
493 20
1487 20
1488 20
1489 20
1490 20
1493 20
1494 20
1495 20
1497 20
1499 20
1500 20
1501 20
1505 20
1508 20
2589 20
2590 20
2591 20
1 21
4 21
5 21
7 21
8 21
9 21
11 21
13 21
15 21
19 21
22 21
24 21
85 21
86 21
87 21
88 21
89 21
95 21
96 21
97 21
98 21
100 21
101 21
103 21
104 21
222 21
226 21
227 21
228 21
229 21
230 21
340 21
351 21
352 21
353 21
371 21
373 21
374 21
375 21
376 21
377 21
378 21
379 21
381 21
417 21
418 21
419 21
420 21
421 21
422 21
423 21
424 21
474 21
475 21
494 21
495 21
497 21
528 21
531 21
532 21
533 21
534 21
535 21
572 21
573 21
574 21
575 21
582 21
583 21
586 21
589 21
590 21
591 21
595 21
597 21
601 21
602 21
603 21
604 21
606 21
607 21
608 21
609 21
627 21
935 21
936 21
937 21
1159 21
1161 21
1162 21
1163 21
1164 21
1165 21
1166 21
1167 21
1169 21
1179 21
1180 21
1181 21
1182 21
1183 21
1184 21
1185 21
1186 21
1284 21
1285 21
1286 21
1287 21
1391 21
1509 21
1510 21
1511 21
1512 21
1513 21
1514 21
1515 21
1516 21
1547 21
1548 21
1565 21
1639 21
1641 21
1642 21
1643 21
1644 21
1645 21
1646 21
1647 21
1649 21
1657 21
1658 21
1659 21
1660 21
1661 21
1662 21
1663 21
1664 21
1706 21
2341 21
2342 21
2343 21
2344 21
2354 21
2376 21
2677 21
2714 21
2715 21
2716 21
2717 21
2727 21
2783 21
3123 21
3207 21
3231 21
3232 21
3499 21
1 22
1 23
31 23
47 23
1 24
95 24
96 24
97 24
98 24
100 24
101 24
103 24
104 24
352 24
373 24
374 24
375 24
376 24
377 24
378 24
379 24
381 24
417 24
418 24
419 24
420 24
421 24
422 24
423 24
424 24
1161 24
1162 24
1163 24
1164 24
1165 24
1166 24
1167 24
1169 24
1179 24
1180 24
1181 24
1182 24
1183 24
1184 24
1185 24
1186 24
1284 24
1285 24
1286 24
1287 24
1548 24
2341 24
2342 24
2343 24
2344 24
2376 24
3207 24
3231 24
3232 24
1 25
2 26
426 26
2 27
16 27
26 27
29 27
31 27
32 27
33 27
35 27
36 27
37 27
38 27
39 27
41 27
42 27
43 27
47 27
48 27
51 27
52 27
53 27
54 27
55 27
56 27
57 27
58 27
59 27
60 27
68 27
74 27
76 27
78 27
79 27
80 27
81 27
82 27
83 27
84 27
106 27
111 27
112 27
130 27
138 27
143 27
144 27
145 27
146 27
149 27
150 27
151 27
153 27
155 27
157 27
158 27
159 27
160 27
161 27
162 27
163 27
164 27
165 27
166 27
167 27
168 27
169 27
170 27
171 27
172 27
173 27
192 27
193 27
194 27
195 27
196 27
197 27
198 27
199 27
201 27
202 27
203 27
249 27
254 27
255 27
256 27
257 27
259 27
309 27
310 27
311 27
312 27
313 27
314 27
315 27
316 27
317 27
318 27
319 27
320 27
321 27
322 27
323 27
332 27
333 27
357 27
389 27
426 27
500 27
501 27
502 27
503 27
505 27
519 27
520 27
521 27
614 27
622 27
623 27
624 27
625 27
626 27
648 27
649 27
650 27
651 27
652 27
653 27
654 27
655 27
656 27
657 27
668 27
671 27
672 27
673 27
675 27
676 27
677 27
686 27
687 27
688 27
689 27
709 27
802 27
817 27
944 27
1028 27
1214 27
1290 27
1291 27
1305 27
1311 27
1313 27
1314 27
1315 27
1316 27
1317 27
1318 27
1319 27
1320 27
1321 27
1322 27
1323 27
1366 27
1442 27
1589 27
1590 27
1591 27
1619 27
1854 27
2 28
16 28
26 28
27 28
29 28
30 28
31 28
32 28
33 28
36 28
38 28
39 28
41 28
42 28
43 28
44 28
45 28
47 28
48 28
51 28
53 28
54 28
55 28
56 28
57 28
58 28
59 28
60 28
68 28
76 28
78 28
79 28
80 28
82 28
83 28
111 28
113 28
115 28
116 28
117 28
130 28
133 28
134 28
135 28
136 28
137 28
138 28
143 28
144 28
145 28
146 28
149 28
150 28
151 28
153 28
155 28
156 28
157 28
158 28
159 28
160 28
161 28
162 28
163 28
164 28
165 28
166 28
167 28
168 28
169 28
170 28
171 28
172 28
173 28
193 28
194 28
195 28
196 28
197 28
198 28
199 28
203 28
204 28
205 28
249 28
254 28
255 28
256 28
257 28
261 28
262 28
263 28
264 28
265 28
266 28
267 28
268 28
269 28
270 28
272 28
273 28
275 28
276 28
277 28
278 28
279 28
280 28
281 28
282 28
283 28
284 28
285 28
286 28
287 28
288 28
289 28
290 28
291 28
292 28
293 28
294 28
295 28
296 28
297 28
298 28
299 28
301 28
305 28
306 28
309 28
331 28
332 28
333 28
341 28
389 28
426 28
429 28
448 28
519 28
520 28
527 28
529 28
530 28
598 28
599 28
613 28
614 28
620 28
622 28
623 28
624 28
625 28
626 28
648 28
649 28
650 28
651 28
652 28
653 28
654 28
655 28
656 28
657 28
668 28
669 28
670 28
671 28
672 28
673 28
675 28
676 28
677 28
686 28
687 28
688 28
689 28
709 28
802 28
810 28
811 28
812 28
813 28
814 28
815 28
817 28
818 28
819 28
820 28
821 28
945 28
946 28
947 28
948 28
949 28
950 28
951 28
952 28
953 28
954 28
955 28
956 28
957 28
958 28
959 28
960 28
961 28
962 28
964 28
965 28
966 28
967 28
968 28
969 28
971 28
972 28
973 28
974 28
975 28
976 28
977 28
978 28
979 28
980 28
981 28
982 28
983 28
984 28
985 28
986 28
987 28
988 28
989 28
994 28
997 28
998 28
999 28
1000 28
1001 28
1002 28
1005 28
1006 28
1007 28
1008 28
1011 28
1012 28
1013 28
1014 28
1015 28
1016 28
1017 28
1018 28
1019 28
1024 28
1035 28
1036 28
1037 28
1038 28
1196 28
1197 28
1290 28
1295 28
1296 28
1305 28
1311 28
1313 28
1314 28
1315 28
1316 28
1317 28
1318 28
1319 28
1320 28
1321 28
1322 28
1323 28
1366 28
1461 28
1462 28
1463 28
1464 28
1465 28
1466 28
1590 28
1619 28
2 29
27 29
28 29
30 29
37 29
38 29
39 29
42 29
43 29
47 29
80 29
81 29
82 29
83 29
111 29
113 29
115 29
116 29
117 29
118 29
119 29
123 29
124 29
125 29
126 29
127 29
128 29
130 29
133 29
134 29
135 29
136 29
137 29
201 29
202 29
204 29
249 29
252 29
256 29
259 29
300 29
302 29
309 29
310 29
311 29
313 29
314 29
315 29
316 29
317 29
318 29
319 29
331 29
334 29
341 29
426 29
430 29
448 29
505 29
519 29
520 29
527 29
529 29
530 29
550 29
551 29
554 29
555 29
556 29
558 29
559 29
560 29
561 29
562 29
563 29
564 29
579 29
580 29
598 29
599 29
621 29
810 29
811 29
812 29
813 29
814 29
815 29
817 29
944 29
1035 29
1036 29
1037 29
1038 29
1196 29
1197 29
1291 29
1292 29
1366 29
1442 29
1589 29
1619 29
2 30
28 30
33 30
38 30
47 30
113 30
116 30
117 30
133 30
134 30
135 30
136 30
137 30
168 30
169 30
170 30
171 30
172 30
173 30
268 30
270 30
272 30
277 30
284 30
288 30
293 30
333 30
426 30
448 30
598 30
599 30
709 30
971 30
1311 30
1463 30
2 31
23 31
39 31
47 31
138 31
143 31
144 31
145 31
146 31
149 31
150 31
151 31
153 31
154 31
203 31
426 31
506 31
507 31
508 31
509 31
510 31
511 31
512 31
513 31
514 31
515 31
516 31
517 31
518 31
584 31
614 31
622 31
623 31
624 31
625 31
626 31
648 31
649 31
650 31
651 31
652 31
653 31
654 31
655 31
656 31
657 31
668 31
889 31
1305 31
1537 31
1895 31
2782 31
3151 31
2 32
28 32
38 32
47 32
155 32
157 32
158 32
159 32
160 32
161 32
162 32
163 32
164 32
165 32
166 32
167 32
217 32
279 32
335 32
336 32
426 32
448 32
671 32
672 32
673 32
675 32
676 32
677 32
686 32
687 32
688 32
689 32
976 32
989 32
2178 32
2 33
31 33
38 33
40 33
47 33
142 33
168 33
169 33
170 33
171 33
172 33
173 33
200 33
212 33
213 33
214 33
215 33
216 33
217 33
218 33
219 33
220 33
235 33
236 33
237 33
238 33
239 33
240 33
242 33
243 33
244 33
245 33
246 33
247 33
248 33
250 33
251 33
253 33
303 33
333 33
426 33
501 33
617 33
618 33
619 33
709 33
808 33
809 33
824 33
825 33
826 33
830 33
831 33
832 33
833 33
834 33
835 33
869 33
870 33
871 33
872 33
873 33
874 33
1311 33
2 34
31 34
39 34
44 34
47 34
148 34
174 34
176 34
178 34
179 34
180 34
181 34
182 34
183 34
184 34
185 34
186 34
187 34
188 34
189 34
426 34
498 34
587 34
763 34
764 34
765 34
766 34
767 34
769 34
770 34
772 34
773 34
774 34
775 34
776 34
778 34
779 34
780 34
781 34
783 34
784 34
785 34
786 34
787 34
788 34
790 34
791 34
792 34
793 34
794 34
795 34
796 34
797 34
798 34
800 34
890 34
1313 34
1314 34
1315 34
1316 34
1317 34
1318 34
1319 34
1320 34
1321 34
1322 34
1323 34
1340 34
1341 34
1344 34
1607 34
2 35
39 35
42 35
47 35
192 35
217 35
256 35
426 35
801 35
2 36
46 36
47 36
61 36
70 36
71 36
75 36
175 36
177 36
193 36
194 36
195 36
196 36
197 36
198 36
199 36
304 36
332 36
335 36
336 36
411 36
426 36
449 36
450 36
451 36
452 36
455 36
469 36
479 36
480 36
481 36
802 36
803 36
1023 36
1207 36
1208 36
1209 36
1210 36
1211 36
1212 36
1365 36
1535 36
1544 36
1551 36
2 37
16 37
23 37
26 37
27 37
28 37
29 37
30 37
31 37
32 37
33 37
34 37
36 37
38 37
39 37
41 37
42 37
43 37
44 37
45 37
46 37
47 37
48 37
51 37
52 37
53 37
54 37
55 37
56 37
57 37
58 37
59 37
60 37
61 37
68 37
70 37
71 37
74 37
75 37
76 37
78 37
79 37
80 37
81 37
82 37
83 37
84 37
106 37
111 37
112 37
113 37
115 37
116 37
117 37
118 37
119 37
122 37
123 37
124 37
125 37
126 37
127 37
128 37
130 37
133 37
134 37
135 37
136 37
137 37
138 37
143 37
144 37
145 37
146 37
148 37
149 37
150 37
151 37
153 37
154 37
155 37
156 37
157 37
158 37
159 37
160 37
161 37
162 37
163 37
164 37
165 37
166 37
167 37
168 37
169 37
170 37
171 37
172 37
173 37
174 37
175 37
176 37
177 37
178 37
179 37
180 37
181 37
182 37
183 37
184 37
185 37
186 37
187 37
188 37
189 37
193 37
194 37
195 37
196 37
197 37
198 37
199 37
201 37
202 37
203 37
204 37
205 37
213 37
249 37
252 37
254 37
255 37
256 37
257 37
259 37
261 37
262 37
263 37
264 37
265 37
266 37
267 37
268 37
269 37
270 37
272 37
273 37
275 37
276 37
277 37
278 37
279 37
280 37
281 37
282 37
283 37
284 37
285 37
286 37
287 37
288 37
289 37
290 37
291 37
292 37
293 37
294 37
295 37
296 37
297 37
298 37
299 37
300 37
301 37
302 37
304 37
305 37
306 37
308 37
309 37
310 37
311 37
312 37
313 37
314 37
315 37
316 37
317 37
318 37
319 37
320 37
321 37
322 37
323 37
331 37
332 37
333 37
334 37
335 37
336 37
341 37
357 37
389 37
411 37
426 37
429 37
448 37
449 37
450 37
451 37
452 37
455 37
469 37
479 37
480 37
481 37
500 37
501 37
502 37
503 37
505 37
506 37
507 37
508 37
509 37
510 37
511 37
512 37
513 37
514 37
515 37
516 37
517 37
518 37
519 37
520 37
521 37
527 37
529 37
530 37
550 37
554 37
555 37
556 37
558 37
559 37
560 37
561 37
562 37
563 37
564 37
579 37
580 37
584 37
598 37
599 37
614 37
620 37
622 37
623 37
624 37
625 37
626 37
648 37
649 37
650 37
651 37
652 37
653 37
654 37
655 37
656 37
657 37
668 37
669 37
670 37
671 37
672 37
673 37
675 37
676 37
677 37
686 37
687 37
688 37
689 37
709 37
763 37
764 37
765 37
766 37
767 37
769 37
770 37
772 37
773 37
774 37
775 37
776 37
778 37
779 37
780 37
781 37
783 37
784 37
785 37
786 37
787 37
788 37
790 37
791 37
792 37
793 37
794 37
795 37
796 37
797 37
798 37
800 37
802 37
803 37
810 37
811 37
812 37
813 37
814 37
815 37
817 37
818 37
819 37
820 37
821 37
825 37
889 37
944 37
945 37
946 37
947 37
948 37
949 37
950 37
951 37
952 37
953 37
954 37
955 37
956 37
957 37
958 37
959 37
960 37
961 37
962 37
964 37
965 37
966 37
967 37
968 37
969 37
971 37
972 37
973 37
974 37
975 37
976 37
977 37
978 37
979 37
980 37
981 37
982 37
983 37
984 37
985 37
986 37
987 37
988 37
989 37
994 37
997 37
998 37
999 37
1000 37
1001 37
1002 37
1005 37
1006 37
1007 37
1008 37
1011 37
1012 37
1013 37
1014 37
1015 37
1016 37
1017 37
1018 37
1019 37
1023 37
1024 37
1028 37
1035 37
1036 37
1037 37
1038 37
1196 37
1197 37
1207 37
1208 37
1209 37
1210 37
1211 37
1212 37
1214 37
1290 37
1291 37
1292 37
1305 37
1311 37
1313 37
1314 37
1315 37
1316 37
1317 37
1318 37
1319 37
1320 37
1321 37
1322 37
1323 37
1340 37
1341 37
1344 37
1365 37
1366 37
1442 37
1461 37
1462 37
1463 37
1464 37
1465 37
1466 37
1535 37
1537 37
1544 37
1551 37
1589 37
1590 37
1591 37
1607 37
1619 37
1895 37
2782 37
3151 37
2 38
16 38
23 38
26 38
27 38
28 38
29 38
30 38
31 38
32 38
33 38
34 38
36 38
37 38
39 38
41 38
42 38
43 38
44 38
45 38
47 38
48 38
51 38
52 38
53 38
54 38
55 38
56 38
57 38
58 38
59 38
60 38
68 38
74 38
75 38
76 38
78 38
79 38
80 38
81 38
82 38
83 38
84 38
106 38
111 38
112 38
113 38
115 38
116 38
117 38
118 38
119 38
122 38
123 38
124 38
125 38
126 38
127 38
128 38
130 38
133 38
134 38
135 38
136 38
137 38
138 38
143 38
144 38
145 38
146 38
148 38
149 38
150 38
151 38
153 38
154 38
155 38
156 38
157 38
158 38
159 38
160 38
161 38
162 38
163 38
164 38
165 38
166 38
167 38
168 38
169 38
170 38
171 38
172 38
173 38
174 38
175 38
176 38
178 38
179 38
180 38
181 38
182 38
183 38
184 38
185 38
186 38
187 38
188 38
189 38
193 38
194 38
195 38
196 38
197 38
198 38
199 38
201 38
202 38
203 38
204 38
205 38
213 38
249 38
252 38
254 38
255 38
256 38
257 38
259 38
261 38
262 38
263 38
264 38
265 38
266 38
267 38
268 38
269 38
270 38
272 38
273 38
275 38
276 38
277 38
278 38
279 38
280 38
281 38
282 38
283 38
284 38
285 38
286 38
287 38
288 38
289 38
290 38
291 38
292 38
293 38
294 38
295 38
296 38
297 38
298 38
299 38
300 38
301 38
302 38
304 38
305 38
306 38
308 38
309 38
310 38
311 38
312 38
313 38
314 38
315 38
316 38
317 38
318 38
319 38
320 38
321 38
322 38
323 38
331 38
332 38
333 38
334 38
335 38
336 38
341 38
357 38
389 38
426 38
429 38
448 38
449 38
455 38
479 38
480 38
481 38
500 38
501 38
502 38
503 38
505 38
506 38
507 38
508 38
509 38
510 38
511 38
512 38
513 38
514 38
515 38
516 38
517 38
518 38
519 38
520 38
521 38
527 38
529 38
530 38
550 38
554 38
555 38
556 38
558 38
559 38
560 38
561 38
562 38
563 38
564 38
579 38
580 38
584 38
598 38
599 38
614 38
620 38
622 38
623 38
624 38
625 38
626 38
648 38
649 38
650 38
651 38
652 38
653 38
654 38
655 38
656 38
657 38
668 38
669 38
670 38
671 38
672 38
673 38
675 38
676 38
677 38
686 38
687 38
688 38
689 38
709 38
763 38
764 38
765 38
766 38
767 38
769 38
770 38
772 38
773 38
774 38
775 38
776 38
778 38
779 38
780 38
781 38
783 38
784 38
785 38
786 38
787 38
788 38
790 38
791 38
792 38
793 38
794 38
795 38
796 38
797 38
798 38
800 38
802 38
803 38
810 38
811 38
812 38
813 38
814 38
815 38
817 38
818 38
819 38
820 38
821 38
825 38
889 38
944 38
945 38
946 38
947 38
948 38
949 38
950 38
951 38
952 38
953 38
954 38
955 38
956 38
957 38
958 38
959 38
960 38
961 38
962 38
964 38
965 38
966 38
967 38
968 38
969 38
971 38
972 38
973 38
974 38
975 38
976 38
977 38
978 38
979 38
980 38
981 38
982 38
983 38
984 38
985 38
986 38
987 38
988 38
989 38
994 38
997 38
998 38
999 38
1000 38
1001 38
1002 38
1005 38
1006 38
1007 38
1008 38
1011 38
1012 38
1013 38
1014 38
1015 38
1016 38
1017 38
1018 38
1019 38
1023 38
1024 38
1028 38
1035 38
1036 38
1037 38
1038 38
1196 38
1197 38
1214 38
1290 38
1291 38
1292 38
1305 38
1311 38
1313 38
1314 38
1315 38
1316 38
1317 38
1318 38
1319 38
1320 38
1321 38
1322 38
1323 38
1340 38
1341 38
1344 38
1366 38
1442 38
1461 38
1462 38
1463 38
1464 38
1465 38
1466 38
1535 38
1537 38
1589 38
1590 38
1591 38
1607 38
1619 38
1895 38
2782 38
3151 38
2 39
26 39
35 39
41 39
42 39
46 39
61 39
177 39
192 39
254 39
255 39
256 39
257 39
426 39
1365 39
2 40
26 40
33 40
35 40
39 40
41 40
42 40
46 40
47 40
61 40
142 40
168 40
169 40
170 40
171 40
172 40
173 40
177 40
192 40
200 40
212 40
213 40
214 40
215 40
216 40
217 40
218 40
219 40
220 40
235 40
236 40
237 40
238 40
239 40
240 40
242 40
243 40
244 40
245 40
246 40
247 40
248 40
250 40
251 40
253 40
254 40
255 40
256 40
257 40
303 40
333 40
426 40
485 40
489 40
617 40
618 40
619 40
709 40
808 40
809 40
824 40
825 40
826 40
830 40
831 40
832 40
833 40
834 40
835 40
869 40
870 40
871 40
872 40
873 40
874 40
879 40
884 40
1311 40
1365 40
1841 40
1845 40
2 41
26 41
35 41
39 41
42 41
46 41
61 41
177 41
192 41
254 41
255 41
256 41
257 41
426 41
1196 41
1197 41
1365 41
2 42
16 42
26 42
35 42
38 42
39 42
41 42
46 42
47 42
48 42
61 42
75 42
76 42
78 42
79 42
175 42
177 42
192 42
254 42
255 42
256 42
257 42
335 42
336 42
426 42
479 42
480 42
481 42
1196 42
1197 42
1365 42
2 43
23 43
26 43
28 43
29 43
30 43
31 43
33 43
34 43
37 43
44 43
45 43
46 43
47 43
52 43
61 43
70 43
71 43
74 43
75 43
80 43
81 43
82 43
83 43
84 43
106 43
111 43
112 43
113 43
115 43
116 43
117 43
118 43
119 43
123 43
124 43
125 43
126 43
127 43
128 43
130 43
133 43
134 43
135 43
136 43
137 43
138 43
143 43
144 43
145 43
146 43
148 43
149 43
150 43
151 43
153 43
154 43
156 43
168 43
169 43
170 43
171 43
172 43
173 43
174 43
175 43
176 43
177 43
178 43
179 43
180 43
181 43
182 43
183 43
184 43
185 43
186 43
187 43
188 43
189 43
201 43
202 43
203 43
204 43
205 43
213 43
249 43
252 43
259 43
261 43
262 43
263 43
264 43
265 43
266 43
267 43
268 43
269 43
270 43
272 43
273 43
275 43
276 43
277 43
278 43
279 43
280 43
281 43
282 43
283 43
284 43
285 43
286 43
287 43
288 43
289 43
290 43
291 43
292 43
293 43
294 43
295 43
296 43
297 43
298 43
299 43
300 43
301 43
302 43
304 43
305 43
306 43
309 43
310 43
311 43
312 43
313 43
314 43
315 43
316 43
317 43
318 43
319 43
320 43
321 43
322 43
323 43
331 43
333 43
334 43
335 43
336 43
341 43
357 43
411 43
426 43
429 43
448 43
449 43
450 43
451 43
452 43
455 43
469 43
479 43
480 43
481 43
500 43
501 43
502 43
503 43
505 43
506 43
507 43
508 43
509 43
510 43
511 43
512 43
513 43
514 43
515 43
516 43
517 43
518 43
521 43
527 43
529 43
530 43
550 43
554 43
555 43
556 43
558 43
559 43
560 43
561 43
562 43
563 43
564 43
579 43
580 43
584 43
598 43
599 43
614 43
620 43
622 43
623 43
624 43
625 43
626 43
648 43
649 43
650 43
651 43
652 43
653 43
654 43
655 43
656 43
657 43
668 43
669 43
670 43
709 43
763 43
764 43
765 43
766 43
767 43
769 43
770 43
772 43
773 43
774 43
775 43
776 43
778 43
779 43
780 43
781 43
783 43
784 43
785 43
786 43
787 43
788 43
790 43
791 43
792 43
793 43
794 43
795 43
796 43
797 43
798 43
800 43
803 43
810 43
811 43
812 43
813 43
814 43
815 43
818 43
819 43
820 43
821 43
825 43
889 43
944 43
945 43
946 43
947 43
948 43
949 43
950 43
951 43
952 43
953 43
954 43
955 43
956 43
957 43
958 43
959 43
960 43
961 43
962 43
964 43
965 43
966 43
967 43
968 43
969 43
971 43
972 43
973 43
974 43
975 43
976 43
977 43
978 43
979 43
980 43
981 43
982 43
983 43
984 43
985 43
986 43
987 43
988 43
989 43
994 43
997 43
998 43
999 43
1000 43
1001 43
1002 43
1005 43
1006 43
1007 43
1008 43
1011 43
1012 43
1013 43
1014 43
1015 43
1016 43
1017 43
1018 43
1019 43
1023 43
1024 43
1028 43
1035 43
1036 43
1037 43
1038 43
1196 43
1197 43
1207 43
1208 43
1209 43
1210 43
1211 43
1212 43
1290 43
1291 43
1292 43
1305 43
1311 43
1340 43
1341 43
1344 43
1365 43
1442 43
1461 43
1462 43
1463 43
1464 43
1465 43
1466 43
1535 43
1537 43
1544 43
1551 43
1589 43
1590 43
1591 43
1607 43
1895 43
2782 43
3151 43
2 44
28 44
30 44
38 44
39 44
45 44
47 44
106 44
113 44
115 44
116 44
117 44
133 44
134 44
135 44
136 44
137 44
156 44
205 44
261 44
262 44
263 44
264 44
265 44
266 44
267 44
268 44
269 44
270 44
272 44
273 44
275 44
276 44
277 44
278 44
279 44
280 44
281 44
282 44
283 44
284 44
285 44
286 44
287 44
288 44
289 44
290 44
291 44
292 44
293 44
294 44
295 44
296 44
297 44
298 44
299 44
301 44
305 44
306 44
331 44
341 44
426 44
448 44
501 44
502 44
527 44
529 44
530 44
598 44
599 44
669 44
670 44
818 44
819 44
820 44
821 44
945 44
946 44
947 44
948 44
949 44
950 44
951 44
952 44
953 44
954 44
955 44
956 44
957 44
958 44
959 44
960 44
961 44
962 44
964 44
965 44
966 44
967 44
968 44
969 44
971 44
972 44
973 44
974 44
975 44
976 44
977 44
978 44
979 44
980 44
981 44
982 44
983 44
984 44
985 44
986 44
987 44
988 44
989 44
994 44
997 44
998 44
999 44
1000 44
1001 44
1002 44
1005 44
1006 44
1007 44
1008 44
1011 44
1012 44
1013 44
1014 44
1015 44
1016 44
1017 44
1018 44
1019 44
1024 44
1035 44
1036 44
1037 44
1038 44
1196 44
1197 44
1290 44
1461 44
1462 44
1463 44
1464 44
1465 44
1466 44
2 45
38 45
44 45
47 45
294 45
295 45
296 45
297 45
298 45
299 45
301 45
426 45
1021 45
3187 45
2 46
61 46
142 46
177 46
200 46
212 46
213 46
214 46
215 46
216 46
217 46
219 46
220 46
235 46
236 46
237 46
239 46
240 46
242 46
246 46
248 46
250 46
251 46
253 46
303 46
426 46
617 46
618 46
619 46
808 46
809 46
824 46
825 46
826 46
830 46
831 46
832 46
833 46
834 46
835 46
869 46
871 46
872 46
873 46
874 46
1365 46
2 47
304 47
426 47
1023 47
1196 47
1197 47
1535 47
2 48
16 48
38 48
76 48
78 48
79 48
122 48
304 48
308 48
426 48
1023 48
1196 48
1197 48
1535 48
2 49
426 49
2 50
426 50
16 52
23 52
26 52
27 52
28 52
29 52
30 52
31 52
32 52
33 52
34 52
36 52
37 52
38 52
39 52
41 52
42 52
43 52
44 52
45 52
46 52
47 52
48 52
51 52
53 52
54 52
55 52
56 52
57 52
58 52
59 52
60 52
61 52
68 52
70 52
71 52
74 52
75 52
76 52
78 52
79 52
80 52
81 52
82 52
83 52
84 52
106 52
111 52
112 52
113 52
115 52
116 52
117 52
130 52
133 52
134 52
135 52
136 52
137 52
138 52
143 52
144 52
145 52
146 52
148 52
149 52
150 52
151 52
153 52
154 52
155 52
156 52
157 52
158 52
159 52
160 52
161 52
162 52
163 52
164 52
165 52
166 52
167 52
168 52
169 52
170 52
171 52
172 52
173 52
174 52
175 52
176 52
177 52
178 52
179 52
180 52
181 52
182 52
183 52
184 52
185 52
186 52
187 52
188 52
189 52
193 52
194 52
195 52
196 52
197 52
198 52
199 52
201 52
202 52
203 52
205 52
213 52
249 52
254 52
255 52
256 52
257 52
259 52
261 52
262 52
263 52
264 52
265 52
266 52
267 52
268 52
269 52
270 52
272 52
273 52
275 52
276 52
277 52
278 52
279 52
280 52
281 52
282 52
283 52
284 52
285 52
286 52
287 52
288 52
289 52
290 52
291 52
292 52
293 52
294 52
295 52
296 52
297 52
298 52
299 52
301 52
304 52
305 52
306 52
309 52
310 52
311 52
312 52
313 52
314 52
315 52
316 52
317 52
318 52
319 52
320 52
321 52
322 52
323 52
331 52
332 52
333 52
335 52
336 52
341 52
357 52
389 52
411 52
429 52
448 52
449 52
450 52
451 52
452 52
455 52
469 52
479 52
480 52
481 52
500 52
501 52
502 52
503 52
505 52
506 52
507 52
508 52
509 52
510 52
511 52
512 52
513 52
514 52
515 52
516 52
517 52
518 52
519 52
520 52
521 52
527 52
529 52
530 52
584 52
598 52
599 52
614 52
620 52
622 52
623 52
624 52
625 52
626 52
648 52
649 52
650 52
651 52
652 52
653 52
654 52
655 52
656 52
657 52
668 52
669 52
670 52
671 52
672 52
673 52
675 52
676 52
677 52
686 52
687 52
688 52
689 52
709 52
763 52
764 52
765 52
766 52
767 52
769 52
770 52
772 52
773 52
774 52
775 52
776 52
778 52
779 52
780 52
781 52
783 52
784 52
785 52
786 52
787 52
788 52
790 52
791 52
792 52
793 52
794 52
795 52
796 52
797 52
798 52
800 52
802 52
803 52
817 52
818 52
819 52
820 52
821 52
825 52
889 52
944 52
945 52
946 52
947 52
948 52
949 52
950 52
951 52
952 52
953 52
954 52
955 52
956 52
957 52
958 52
959 52
960 52
961 52
962 52
964 52
965 52
966 52
967 52
968 52
969 52
971 52
972 52
973 52
974 52
975 52
976 52
977 52
978 52
979 52
980 52
981 52
982 52
983 52
984 52
985 52
986 52
987 52
988 52
989 52
994 52
997 52
998 52
999 52
1000 52
1001 52
1002 52
1005 52
1006 52
1007 52
1008 52
1011 52
1012 52
1013 52
1014 52
1015 52
1016 52
1017 52
1018 52
1019 52
1023 52
1024 52
1028 52
1035 52
1036 52
1037 52
1038 52
1196 52
1197 52
1207 52
1208 52
1209 52
1210 52
1211 52
1212 52
1214 52
1290 52
1291 52
1305 52
1311 52
1313 52
1314 52
1315 52
1316 52
1317 52
1318 52
1319 52
1320 52
1321 52
1322 52
1323 52
1340 52
1341 52
1344 52
1365 52
1366 52
1442 52
1461 52
1462 52
1463 52
1464 52
1465 52
1466 52
1535 52
1537 52
1544 52
1551 52
1589 52
1590 52
1591 52
1607 52
1619 52
1895 52
2782 52
3151 52
51 53
54 53
55 53
56 53
57 53
58 53
59 53
60 53
63 53
64 53
65 53
66 53
68 53
69 53
70 53
71 53
72 53
365 53
383 53
387 53
388 53
389 53
409 53
411 53
412 53
425 53
427 53
433 53
434 53
446 53
447 53
449 53
450 53
451 53
452 53
469 53
470 53
471 53
472 53
473 53
1098 53
1099 53
1177 53
1187 53
1188 53
1189 53
1190 53
1207 53
1208 53
1209 53
1210 53
1211 53
1212 53
1213 53
1544 53
1551 53
1552 53
1950 53
2853 53
3121 53
3152 53
51 54
53 54
55 54
56 54
57 54
58 54
59 54
60 54
63 54
64 54
65 54
66 54
68 54
69 54
70 54
71 54
72 54
365 54
383 54
387 54
388 54
389 54
411 54
412 54
425 54
427 54
433 54
434 54
446 54
447 54
449 54
450 54
451 54
452 54
469 54
470 54
471 54
472 54
473 54
1098 54
1099 54
1177 54
1187 54
1188 54
1189 54
1207 54
1208 54
1209 54
1210 54
1211 54
1212 54
1213 54
1544 54
1551 54
1552 54
3121 54
3152 54
51 55
53 55
54 55
56 55
57 55
58 55
59 55
60 55
63 55
64 55
65 55
66 55
68 55
69 55
70 55
71 55
72 55
365 55
383 55
387 55
388 55
389 55
411 55
412 55
425 55
427 55
433 55
434 55
446 55
447 55
449 55
450 55
451 55
452 55
469 55
470 55
471 55
472 55
473 55
1098 55
1099 55
1177 55
1187 55
1188 55
1189 55
1207 55
1208 55
1209 55
1210 55
1211 55
1212 55
1213 55
1544 55
1551 55
1552 55
3121 55
51 56
53 56
54 56
55 56
57 56
58 56
59 56
60 56
63 56
64 56
65 56
66 56
68 56
69 56
70 56
72 56
365 56
383 56
389 56
411 56
412 56
425 56
427 56
433 56
434 56
446 56
447 56
449 56
450 56
451 56
452 56
470 56
471 56
472 56
473 56
1098 56
1099 56
1177 56
1187 56
1188 56
1189 56
1190 56
1207 56
1208 56
1209 56
1210 56
1211 56
1212 56
1213 56
1544 56
1552 56
3121 56
3152 56
51 57
53 57
54 57
55 57
56 57
58 57
59 57
60 57
63 57
64 57
65 57
66 57
68 57
69 57
70 57
72 57
365 57
383 57
389 57
411 57
412 57
425 57
427 57
433 57
434 57
446 57
447 57
449 57
450 57
451 57
452 57
470 57
471 57
472 57
473 57
1098 57
1099 57
1177 57
1187 57
1188 57
1189 57
1190 57
1207 57
1208 57
1209 57
1210 57
1211 57
1212 57
1213 57
1220 57
1544 57
1552 57
3121 57
51 58
53 58
54 58
55 58
56 58
57 58
59 58
60 58
63 58
64 58
65 58
66 58
68 58
69 58
70 58
71 58
72 58
365 58
383 58
387 58
388 58
389 58
411 58
412 58
425 58
427 58
433 58
434 58
446 58
447 58
449 58
450 58
451 58
452 58
469 58
470 58
471 58
472 58
473 58
1098 58
1099 58
1177 58
1187 58
1188 58
1189 58
1207 58
1208 58
1209 58
1210 58
1211 58
1212 58
1213 58
1544 58
1551 58
1552 58
3121 58
51 59
53 59
54 59
55 59
56 59
57 59
58 59
60 59
63 59
64 59
65 59
66 59
68 59
69 59
70 59
71 59
72 59
365 59
383 59
387 59
388 59
389 59
411 59
412 59
425 59
427 59
433 59
434 59
446 59
447 59
449 59
450 59
451 59
452 59
469 59
470 59
471 59
472 59
473 59
1098 59
1099 59
1177 59
1187 59
1188 59
1189 59
1207 59
1208 59
1209 59
1210 59
1211 59
1212 59
1213 59
1544 59
1551 59
1552 59
3121 59
51 60
53 60
54 60
55 60
56 60
57 60
58 60
59 60
63 60
64 60
65 60
66 60
68 60
69 60
70 60
72 60
365 60
383 60
389 60
411 60
412 60
425 60
427 60
433 60
434 60
446 60
447 60
449 60
450 60
451 60
452 60
470 60
471 60
472 60
473 60
1098 60
1099 60
1177 60
1187 60
1188 60
1189 60
1190 60
1207 60
1208 60
1209 60
1210 60
1211 60
1212 60
1213 60
1544 60
1552 60
3121 60
16 61
23 61
26 61
27 61
28 61
29 61
30 61
31 61
32 61
33 61
36 61
37 61
38 61
39 61
40 61
41 61
42 61
43 61
44 61
45 61
46 61
47 61
48 61
51 61
52 61
53 61
54 61
55 61
56 61
57 61
58 61
59 61
60 61
68 61
70 61
71 61
74 61
75 61
76 61
78 61
79 61
80 61
81 61
82 61
83 61
84 61
106 61
111 61
112 61
113 61
115 61
116 61
117 61
118 61
119 61
123 61
124 61
125 61
126 61
127 61
128 61
130 61
133 61
134 61
135 61
136 61
137 61
138 61
143 61
144 61
145 61
146 61
149 61
150 61
151 61
153 61
154 61
155 61
156 61
157 61
158 61
159 61
160 61
161 61
162 61
163 61
164 61
165 61
166 61
167 61
168 61
169 61
170 61
171 61
172 61
173 61
175 61
177 61
193 61
194 61
195 61
196 61
197 61
198 61
199 61
201 61
202 61
203 61
204 61
205 61
218 61
238 61
243 61
244 61
245 61
247 61
249 61
252 61
254 61
255 61
256 61
257 61
259 61
261 61
262 61
263 61
264 61
265 61
266 61
267 61
268 61
269 61
270 61
272 61
273 61
275 61
276 61
277 61
278 61
279 61
280 61
281 61
282 61
283 61
284 61
285 61
286 61
287 61
288 61
289 61
290 61
291 61
292 61
293 61
294 61
295 61
296 61
297 61
298 61
299 61
300 61
301 61
302 61
304 61
305 61
306 61
309 61
310 61
311 61
312 61
313 61
314 61
315 61
316 61
317 61
318 61
319 61
320 61
321 61
322 61
323 61
331 61
332 61
333 61
334 61
335 61
336 61
341 61
357 61
389 61
411 61
429 61
448 61
449 61
450 61
451 61
452 61
455 61
469 61
479 61
480 61
481 61
500 61
501 61
502 61
503 61
505 61
506 61
507 61
508 61
509 61
510 61
511 61
512 61
513 61
514 61
515 61
516 61
517 61
518 61
519 61
520 61
521 61
527 61
529 61
530 61
550 61
554 61
555 61
556 61
558 61
559 61
560 61
561 61
562 61
563 61
564 61
579 61
580 61
584 61
598 61
599 61
614 61
620 61
622 61
623 61
624 61
625 61
626 61
648 61
649 61
650 61
651 61
652 61
653 61
654 61
655 61
656 61
657 61
668 61
669 61
670 61
671 61
672 61
673 61
675 61
676 61
677 61
686 61
687 61
688 61
689 61
709 61
802 61
803 61
810 61
811 61
812 61
813 61
814 61
815 61
818 61
819 61
820 61
821 61
870 61
889 61
944 61
945 61
946 61
947 61
948 61
949 61
950 61
951 61
952 61
953 61
954 61
955 61
956 61
957 61
958 61
959 61
960 61
961 61
962 61
964 61
965 61
966 61
967 61
968 61
969 61
971 61
972 61
973 61
974 61
975 61
976 61
977 61
978 61
979 61
980 61
981 61
982 61
983 61
984 61
985 61
986 61
987 61
988 61
989 61
994 61
997 61
998 61
999 61
1000 61
1001 61
1002 61
1005 61
1006 61
1007 61
1008 61
1011 61
1012 61
1013 61
1014 61
1015 61
1016 61
1017 61
1018 61
1019 61
1023 61
1024 61
1028 61
1035 61
1036 61
1037 61
1038 61
1196 61
1197 61
1207 61
1208 61
1209 61
1210 61
1211 61
1212 61
1214 61
1290 61
1291 61
1292 61
1305 61
1311 61
1365 61
1442 61
1461 61
1462 61
1463 61
1464 61
1465 61
1466 61
1535 61
1537 61
1544 61
1551 61
1589 61
1590 61
1591 61
1895 61
2782 61
3151 61
51 62
53 62
56 62
71 62
469 62
549 62
1976 62
2879 62
51 63
53 63
54 63
55 63
56 63
58 63
60 63
64 63
65 63
66 63
68 63
69 63
70 63
71 63
72 63
365 63
383 63
387 63
388 63
411 63
412 63
425 63
427 63
433 63
434 63
446 63
447 63
449 63
450 63
451 63
452 63
469 63
470 63
471 63
472 63
473 63
1098 63
1099 63
1177 63
1187 63
1188 63
1189 63
1190 63
1207 63
1208 63
1209 63
1210 63
1211 63
1212 63
1213 63
1544 63
1551 63
1552 63
1898 63
2801 63
3121 63
51 64
53 64
56 64
58 64
60 64
63 64
65 64
66 64
69 64
70 64
72 64
365 64
383 64
411 64
412 64
425 64
427 64
433 64
434 64
446 64
447 64
449 64
450 64
451 64
452 64
470 64
471 64
472 64
473 64
1098 64
1099 64
1177 64
1187 64
1188 64
1189 64
1190 64
1207 64
1208 64
1209 64
1210 64
1211 64
1212 64
1213 64
1544 64
1552 64
3121 64
51 65
53 65
56 65
57 65
58 65
60 65
63 65
64 65
66 65
69 65
70 65
72 65
365 65
383 65
411 65
412 65
425 65
427 65
433 65
434 65
446 65
447 65
449 65
450 65
451 65
452 65
470 65
471 65
472 65
473 65
1098 65
1099 65
1177 65
1187 65
1188 65
1189 65
1190 65
1207 65
1208 65
1209 65
1210 65
1211 65
1212 65
1213 65
1214 65
1544 65
1552 65
3121 65
51 66
53 66
56 66
58 66
60 66
63 66
64 66
65 66
69 66
70 66
72 66
365 66
383 66
411 66
412 66
425 66
427 66
433 66
434 66
446 66
447 66
449 66
450 66
451 66
452 66
470 66
471 66
472 66
473 66
1098 66
1099 66
1177 66
1187 66
1188 66
1189 66
1190 66
1207 66
1208 66
1209 66
1210 66
1211 66
1212 66
1213 66
1544 66
1552 66
3121 66
51 67
53 67
56 67
58 67
60 67
63 67
64 67
65 67
66 67
70 67
72 67
365 67
383 67
411 67
412 67
425 67
427 67
433 67
434 67
447 67
449 67
450 67
451 67
452 67
470 67
471 67
472 67
473 67
1098 67
1099 67
1177 67
1187 67
1190 67
1207 67
1208 67
1209 67
1210 67
1211 67
1212 67
1213 67
1544 67
1552 67
3121 67
51 68
53 68
54 68
55 68
56 68
58 68
60 68
63 68
64 68
65 68
66 68
69 68
70 68
71 68
72 68
97 68
365 68
383 68
387 68
388 68
411 68
412 68
425 68
427 68
433 68
434 68
447 68
449 68
450 68
451 68
452 68
469 68
470 68
471 68
472 68
473 68
603 68
1098 68
1099 68
1177 68
1187 68
1207 68
1208 68
1209 68
1210 68
1211 68
1212 68
1213 68
1544 68
1551 68
1552 68
3121 68
51 69
53 69
54 69
55 69
56 69
58 69
60 69
63 69
64 69
65 69
66 69
68 69
70 69
71 69
72 69
365 69
383 69
387 69
388 69
411 69
412 69
425 69
427 69
433 69
434 69
445 69
446 69
447 69
449 69
450 69
451 69
452 69
469 69
470 69
471 69
472 69
473 69
1098 69
1099 69
1177 69
1187 69
1188 69
1189 69
1207 69
1208 69
1209 69
1210 69
1211 69
1212 69
1213 69
1544 69
1551 69
1552 69
3121 69
51 70
53 70
56 70
60 70
62 70
63 70
64 70
65 70
66 70
69 70
72 70
365 70
383 70
388 70
411 70
412 70
425 70
427 70
433 70
434 70
446 70
447 70
449 70
450 70
451 70
452 70
453 70
454 70
455 70
470 70
471 70
472 70
473 70
549 70
1098 70
1099 70
1177 70
1187 70
1188 70
1189 70
1190 70
1207 70
1208 70
1209 70
1210 70
1211 70
1212 70
1213 70
1544 70
1551 70
1552 70
1976 70
1981 70
1985 70
2028 70
2033 70
2879 70
2884 70
2888 70
2931 70
2936 70
3121 70
51 71
53 71
54 71
55 71
56 71
58 71
60 71
63 71
64 71
65 71
66 71
68 71
69 71
70 71
72 71
97 71
365 71
383 71
387 71
388 71
411 71
412 71
425 71
427 71
428 71
433 71
434 71
446 71
447 71
449 71
450 71
451 71
452 71
469 71
470 71
471 71
472 71
473 71
603 71
1098 71
1099 71
1177 71
1187 71
1188 71
1189 71
1207 71
1208 71
1209 71
1210 71
1211 71
1212 71
1213 71
1408 71
1544 71
1551 71
1552 71
3121 71
3152 71
40 72
51 72
53 72
54 72
55 72
56 72
58 72
60 72
62 72
63 72
64 72
65 72
66 72
68 72
70 72
71 72
365 72
383 72
387 72
388 72
411 72
412 72
425 72
427 72
433 72
434 72
447 72
449 72
450 72
451 72
452 72
469 72
470 72
471 72
472 72
473 72
549 72
1098 72
1099 72
1177 72
1187 72
1207 72
1208 72
1209 72
1210 72
1211 72
1212 72
1213 72
1225 72
1226 72
1544 72
1551 72
1552 72
1976 72
2879 72
3121 72
16 73
23 73
28 73
29 73
31 73
33 73
34 73
38 73
47 73
48 73
52 73
70 73
71 73
75 73
76 73
78 73
79 73
83 73
113 73
115 73
116 73
117 73
118 73
119 73
123 73
124 73
125 73
126 73
127 73
128 73
138 73
143 73
144 73
145 73
146 73
148 73
149 73
150 73
151 73
153 73
154 73
168 73
169 73
170 73
171 73
172 73
173 73
174 73
175 73
176 73
178 73
179 73
180 73
181 73
182 73
183 73
184 73
185 73
186 73
187 73
188 73
189 73
203 73
204 73
213 73
252 73
259 73
300 73
302 73
331 73
333 73
334 73
335 73
336 73
341 73
357 73
411 73
448 73
449 73
450 73
451 73
452 73
455 73
469 73
479 73
480 73
481 73
506 73
507 73
508 73
509 73
510 73
511 73
512 73
513 73
514 73
515 73
516 73
517 73
518 73
527 73
529 73
530 73
550 73
554 73
555 73
556 73
558 73
559 73
560 73
561 73
562 73
563 73
564 73
579 73
580 73
584 73
614 73
622 73
623 73
624 73
625 73
626 73
648 73
649 73
650 73
651 73
652 73
653 73
654 73
655 73
656 73
657 73
668 73
709 73
763 73
764 73
765 73
766 73
767 73
769 73
770 73
772 73
773 73
774 73
775 73
776 73
778 73
779 73
780 73
781 73
783 73
784 73
785 73
786 73
787 73
788 73
790 73
791 73
792 73
793 73
794 73
795 73
796 73
797 73
798 73
800 73
810 73
811 73
812 73
813 73
814 73
815 73
825 73
889 73
944 73
1035 73
1036 73
1037 73
1038 73
1207 73
1208 73
1209 73
1210 73
1211 73
1212 73
1292 73
1305 73
1311 73
1340 73
1341 73
1344 73
1442 73
1537 73
1544 73
1551 73
1607 73
1895 73
2782 73
3151 73
16 74
38 74
39 74
47 74
48 74
75 74
76 74
78 74
79 74
80 74
82 74
112 74
175 74
194 74
249 74
309 74
335 74
336 74
479 74
480 74
481 74
521 74
802 74
803 74
1589 74
16 75
38 75
47 75
48 75
76 75
78 75
79 75
175 75
335 75
336 75
479 75
480 75
481 75
16 76
38 76
39 76
47 76
48 76
75 76
78 76
79 76
175 76
335 76
336 76
479 76
480 76
481 76
16 77
47 77
48 77
76 77
475 77
16 78
38 78
39 78
40 78
47 78
48 78
76 78
79 78
16 79
38 79
76 79
78 79
27 80
37 80
43 80
74 80
81 80
83 80
106 80
111 80
112 80
201 80
202 80
249 80
309 80
310 80
311 80
313 80
314 80
315 80
316 80
317 80
318 80
319 80
501 80
502 80
503 80
505 80
519 80
520 80
521 80
1290 80
1291 80
1590 80
1591 80
1854 80
27 81
37 81
38 81
43 81
47 81
52 81
80 81
82 81
83 81
84 81
111 81
201 81
202 81
249 81
259 81
309 81
310 81
311 81
312 81
313 81
314 81
315 81
316 81
317 81
318 81
319 81
320 81
321 81
322 81
323 81
357 81
500 81
505 81
519 81
520 81
944 81
1028 81
1291 81
1442 81
1589 81
27 82
39 82
43 82
47 82
74 82
80 82
83 82
112 82
249 82
309 82
521 82
1589 82
27 83
43 83
47 83
82 83
1290 83
1590 83
27 84
34 84
37 84
189 84
201 84
202 84
800 84
4 85
5 85
7 85
8 85
9 85
11 85
13 85
15 85
19 85
21 85
22 85
24 85
86 85
87 85
88 85
89 85
95 85
96 85
97 85
98 85
100 85
101 85
103 85
104 85
222 85
226 85
227 85
228 85
229 85
230 85
340 85
351 85
352 85
353 85
371 85
373 85
374 85
375 85
376 85
377 85
378 85
379 85
381 85
417 85
418 85
419 85
420 85
421 85
422 85
423 85
424 85
474 85
475 85
494 85
495 85
497 85
528 85
531 85
532 85
533 85
534 85
535 85
572 85
573 85
574 85
575 85
582 85
583 85
586 85
589 85
590 85
591 85
595 85
597 85
601 85
602 85
603 85
604 85
606 85
607 85
608 85
609 85
627 85
935 85
936 85
937 85
1159 85
1161 85
1162 85
1163 85
1164 85
1165 85
1166 85
1167 85
1169 85
1179 85
1180 85
1181 85
1182 85
1183 85
1184 85
1185 85
1186 85
1284 85
1285 85
1286 85
1287 85
1391 85
1509 85
1510 85
1511 85
1512 85
1513 85
1514 85
1515 85
1516 85
1547 85
1548 85
1565 85
1639 85
1641 85
1642 85
1643 85
1644 85
1645 85
1646 85
1647 85
1649 85
1657 85
1658 85
1659 85
1660 85
1661 85
1662 85
1663 85
1664 85
1706 85
2341 85
2342 85
2343 85
2344 85
2354 85
2376 85
2677 85
2714 85
2715 85
2716 85
2717 85
2727 85
2783 85
3123 85
3207 85
3231 85
3232 85
3499 85
4 86
7 86
9 86
11 86
13 86
15 86
19 86
21 86
22 86
24 86
85 86
87 86
88 86
89 86
222 86
351 86
353 86
371 86
474 86
475 86
494 86
495 86
497 86
531 86
532 86
533 86
534 86
535 86
572 86
573 86
575 86
582 86
583 86
586 86
589 86
590 86
591 86
595 86
627 86
1159 86
1391 86
1509 86
1510 86
1511 86
1512 86
1513 86
1514 86
1515 86
1516 86
1547 86
1639 86
2354 86
2727 86
4 87
7 87
8 87
9 87
11 87
13 87
15 87
19 87
21 87
22 87
24 87
85 87
86 87
88 87
89 87
222 87
226 87
227 87
228 87
229 87
230 87
340 87
351 87
353 87
371 87
474 87
475 87
494 87
495 87
497 87
528 87
531 87
532 87
533 87
534 87
535 87
572 87
573 87
574 87
575 87
582 87
583 87
586 87
589 87
590 87
591 87
595 87
597 87
601 87
602 87
603 87
604 87
606 87
607 87
608 87
609 87
627 87
935 87
936 87
937 87
1159 87
1391 87
1509 87
1510 87
1511 87
1512 87
1513 87
1514 87
1515 87
1516 87
1547 87
1639 87
1641 87
1642 87
1643 87
1644 87
1645 87
1646 87
1647 87
1649 87
1657 87
1658 87
1659 87
1660 87
1661 87
1662 87
1663 87
1664 87
2354 87
2714 87
2715 87
2716 87
2717 87
2727 87
3123 87
3499 87
4 88
5 88
7 88
8 88
9 88
11 88
13 88
15 88
19 88
21 88
22 88
24 88
85 88
86 88
87 88
89 88
95 88
96 88
97 88
98 88
100 88
101 88
103 88
104 88
222 88
226 88
227 88
228 88
229 88
230 88
340 88
351 88
352 88
353 88
371 88
373 88
374 88
375 88
376 88
377 88
378 88
379 88
381 88
417 88
418 88
419 88
420 88
421 88
422 88
423 88
424 88
474 88
475 88
494 88
495 88
497 88
528 88
531 88
532 88
533 88
534 88
535 88
572 88
573 88
574 88
575 88
582 88
583 88
586 88
589 88
590 88
591 88
595 88
597 88
601 88
602 88
603 88
604 88
606 88
607 88
608 88
609 88
627 88
935 88
936 88
937 88
1159 88
1161 88
1162 88
1163 88
1164 88
1165 88
1166 88
1167 88
1169 88
1179 88
1180 88
1181 88
1182 88
1183 88
1184 88
1185 88
1186 88
1284 88
1285 88
1286 88
1287 88
1391 88
1509 88
1510 88
1511 88
1512 88
1513 88
1514 88
1515 88
1516 88
1547 88
1548 88
1565 88
1639 88
1641 88
1642 88
1643 88
1644 88
1645 88
1646 88
1647 88
1649 88
1657 88
1658 88
1659 88
1660 88
1661 88
1662 88
1663 88
1664 88
1706 88
2341 88
2342 88
2343 88
2344 88
2354 88
2376 88
2677 88
2714 88
2715 88
2716 88
2717 88
2727 88
2783 88
3123 88
3207 88
3231 88
3232 88
3499 88
4 89
5 89
7 89
9 89
11 89
13 89
15 89
19 89
21 89
22 89
24 89
85 89
86 89
87 89
88 89
222 89
351 89
353 89
371 89
474 89
475 89
494 89
495 89
497 89
531 89
532 89
533 89
534 89
535 89
572 89
573 89
575 89
582 89
583 89
586 89
589 89
590 89
591 89
595 89
627 89
1159 89
1391 89
1509 89
1510 89
1511 89
1512 89
1513 89
1514 89
1515 89
1516 89
1547 89
1565 89
1639 89
1706 89
2354 89
2677 89
2727 89
2783 89
4 90
5 90
7 90
8 90
9 90
11 90
13 90
15 90
19 90
21 90
22 90
24 90
85 90
86 90
87 90
88 90
89 90
95 90
96 90
97 90
98 90
100 90
101 90
103 90
104 90
222 90
226 90
227 90
228 90
229 90
230 90
340 90
351 90
352 90
353 90
371 90
373 90
374 90
375 90
376 90
377 90
378 90
379 90
381 90
417 90
418 90
419 90
420 90
421 90
422 90
423 90
424 90
474 90
475 90
494 90
495 90
497 90
528 90
531 90
532 90
533 90
534 90
535 90
572 90
573 90
574 90
575 90
582 90
583 90
586 90
589 90
590 90
591 90
595 90
597 90
601 90
602 90
603 90
604 90
606 90
607 90
608 90
609 90
627 90
935 90
936 90
937 90
1159 90
1161 90
1162 90
1163 90
1164 90
1165 90
1166 90
1167 90
1169 90
1179 90
1180 90
1181 90
1182 90
1183 90
1184 90
1185 90
1186 90
1284 90
1285 90
1286 90
1287 90
1391 90
1509 90
1510 90
1511 90
1512 90
1513 90
1514 90
1515 90
1516 90
1547 90
1548 90
1565 90
1639 90
1641 90
1642 90
1643 90
1644 90
1645 90
1646 90
1647 90
1649 90
1657 90
1658 90
1659 90
1660 90
1661 90
1662 90
1663 90
1664 90
1706 90
2341 90
2342 90
2343 90
2344 90
2354 90
2376 90
2677 90
2714 90
2715 90
2716 90
2717 90
2727 90
2783 90
3123 90
3207 90
3231 90
3232 90
3499 90
4 91
5 91
7 91
8 91
9 91
11 91
13 91
15 91
19 91
21 91
22 91
24 91
85 91
86 91
87 91
88 91
89 91
95 91
96 91
97 91
98 91
100 91
101 91
103 91
104 91
222 91
226 91
227 91
228 91
229 91
230 91
340 91
351 91
352 91
353 91
371 91
373 91
374 91
375 91
376 91
377 91
378 91
379 91
381 91
417 91
418 91
419 91
420 91
421 91
422 91
423 91
424 91
474 91
475 91
494 91
495 91
497 91
528 91
531 91
532 91
533 91
534 91
535 91
572 91
573 91
574 91
575 91
582 91
583 91
586 91
589 91
590 91
591 91
595 91
597 91
601 91
602 91
603 91
604 91
606 91
607 91
608 91
609 91
627 91
935 91
936 91
937 91
1159 91
1161 91
1162 91
1163 91
1164 91
1165 91
1166 91
1167 91
1169 91
1179 91
1180 91
1181 91
1182 91
1183 91
1184 91
1185 91
1186 91
1284 91
1285 91
1286 91
1287 91
1391 91
1509 91
1510 91
1511 91
1512 91
1513 91
1514 91
1515 91
1516 91
1547 91
1548 91
1565 91
1639 91
1641 91
1642 91
1643 91
1644 91
1645 91
1646 91
1647 91
1649 91
1657 91
1658 91
1659 91
1660 91
1661 91
1662 91
1663 91
1664 91
1706 91
2341 91
2342 91
2343 91
2344 91
2354 91
2376 91
2677 91
2714 91
2715 91
2716 91
2717 91
2727 91
2783 91
3123 91
3207 91
3231 91
3232 91
3499 91
4 92
7 92
8 92
9 92
11 92
13 92
15 92
19 92
21 92
22 92
24 92
85 92
86 92
87 92
88 92
89 92
95 92
96 92
97 92
98 92
100 92
101 92
103 92
104 92
138 92
222 92
226 92
227 92
228 92
229 92
230 92
340 92
351 92
352 92
353 92
371 92
373 92
374 92
375 92
376 92
377 92
378 92
379 92
381 92
417 92
418 92
419 92
420 92
421 92
422 92
423 92
424 92
474 92
475 92
494 92
495 92
497 92
528 92
531 92
532 92
533 92
534 92
535 92
572 92
573 92
574 92
575 92
582 92
583 92
586 92
589 92
590 92
591 92
595 92
597 92
601 92
602 92
603 92
604 92
606 92
607 92
608 92
609 92
627 92
935 92
936 92
937 92
1159 92
1161 92
1162 92
1163 92
1164 92
1165 92
1166 92
1167 92
1169 92
1179 92
1180 92
1181 92
1182 92
1183 92
1184 92
1185 92
1186 92
1284 92
1285 92
1286 92
1287 92
1391 92
1509 92
1510 92
1511 92
1512 92
1513 92
1514 92
1515 92
1516 92
1547 92
1548 92
1639 92
1641 92
1642 92
1643 92
1644 92
1645 92
1646 92
1647 92
1649 92
1657 92
1658 92
1659 92
1660 92
1661 92
1662 92
1663 92
1664 92
2341 92
2342 92
2343 92
2344 92
2354 92
2376 92
2714 92
2715 92
2716 92
2717 92
2727 92
3123 92
3207 92
3231 92
3232 92
3499 92
3581 92
4 93
5 93
7 93
9 93
11 93
13 93
15 93
19 93
21 93
22 93
24 93
85 93
86 93
87 93
88 93
89 93
222 93
351 93
353 93
371 93
474 93
475 93
494 93
495 93
497 93
531 93
532 93
533 93
534 93
535 93
572 93
573 93
575 93
582 93
583 93
586 93
589 93
590 93
591 93
595 93
627 93
1159 93
1391 93
1509 93
1510 93
1511 93
1512 93
1513 93
1514 93
1515 93
1516 93
1547 93
1565 93
1639 93
1706 93
2354 93
2677 93
2727 93
2783 93
4 94
4 95
4 96
4 97
4 98
4 99
4 100
4 101
4 102
89 102
1409 102
1412 102
4 103
4 104
4 105
28 106
30 106
31 106
39 106
42 106
47 106
74 106
80 106
82 106
111 106
112 106
113 106
115 106
116 106
117 106
133 106
134 106
135 106
136 106
137 106
249 106
256 106
309 106
331 106
341 106
448 106
501 106
502 106
503 106
519 106
520 106
521 106
527 106
529 106
530 106
598 106
599 106
1035 106
1036 106
1037 106
1038 106
1196 106
1197 106
1290 106
1589 106
1590 106
1591 106
1854 106
3187 106
28 107
31 107
41 107
47 107
150 107
254 107
430 107
448 107
1409 107
1412 107
1413 107
28 108
430 108
28 109
1410 109
28 110
1410 110
28 111
39 111
47 111
74 111
80 111
82 111
112 111
113 111
116 111
117 111
249 111
309 111
448 111
503 111
519 111
520 111
521 111
1196 111
1197 111
1589 111
23 112
28 112
31 112
39 112
47 112
74 112
80 112
82 112
111 112
113 112
116 112
117 112
249 112
309 112
448 112
503 112
506 112
507 112
508 112
509 112
510 112
511 112
512 112
513 112
514 112
515 112
516 112
517 112
518 112
519 112
520 112
1196 112
1197 112
1537 112
1589 112
28 113
39 113
47 113
116 113
117 113
448 113
28 114
47 114
448 114
28 115
39 115
47 115
113 115
116 115
117 115
331 115
341 115
448 115
527 115
529 115
530 115
1035 115
1036 115
1037 115
1038 115
28 116
47 116
74 116
80 116
82 116
112 116
113 116
117 116
249 116
309 116
448 116
521 116
1589 116
28 117
47 117
113 117
116 117
448 117
29 118
119 118
123 118
124 118
125 118
126 118
127 118
128 118
130 118
204 118
252 118
300 118
302 118
550 118
554 118
555 118
556 118
558 118
559 118
560 118
561 118
562 118
563 118
564 118
579 118
580 118
810 118
811 118
812 118
813 118
814 118
815 118
817 118
1292 118
1366 118
1619 118
29 119
52 119
84 119
118 119
123 119
124 119
125 119
126 119
127 119
128 119
130 119
204 119
225 119
252 119
300 119
302 119
312 119
320 119
321 119
322 119
323 119
334 119
357 119
372 119
500 119
550 119
554 119
555 119
556 119
558 119
559 119
560 119
561 119
562 119
563 119
564 119
579 119
580 119
810 119
811 119
812 119
813 119
814 119
815 119
817 119
1028 119
1160 119
1292 119
1366 119
1589 119
1619 119
1640 119
29 120
118 120
119 120
123 120
124 120
125 120
126 120
127 120
128 120
130 120
204 120
252 120
300 120
302 120
334 120
550 120
554 120
555 120
556 120
558 120
559 120
560 120
561 120
562 120
563 120
564 120
579 120
580 120
810 120
811 120
812 120
813 120
814 120
815 120
817 120
1292 120
1366 120
1619 120
29 121
119 121
123 121
124 121
125 121
126 121
127 121
128 121
204 121
252 121
300 121
302 121
550 121
554 121
555 121
556 121
558 121
559 121
560 121
561 121
562 121
564 121
579 121
580 121
810 121
811 121
812 121
813 121
814 121
815 121
817 121
1292 121
1366 121
1619 121
29 122
118 122
119 122
123 122
124 122
125 122
126 122
127 122
128 122
130 122
204 122
252 122
300 122
302 122
334 122
550 122
554 122
555 122
556 122
558 122
559 122
560 122
561 122
562 122
563 122
564 122
579 122
580 122
810 122
811 122
812 122
813 122
814 122
815 122
817 122
1292 122
1366 122
1619 122
29 123
38 123
45 123
47 123
118 123
119 123
124 123
125 123
126 123
127 123
128 123
130 123
204 123
252 123
294 123
295 123
296 123
297 123
298 123
299 123
300 123
301 123
302 123
334 123
550 123
554 123
555 123
556 123
558 123
559 123
560 123
561 123
562 123
563 123
564 123
579 123
580 123
810 123
811 123
812 123
813 123
814 123
815 123
817 123
1021 123
1292 123
1366 123
1619 123
29 124
38 124
47 124
118 124
119 124
123 124
125 124
126 124
127 124
128 124
130 124
204 124
252 124
300 124
302 124
334 124
550 124
554 124
555 124
556 124
558 124
559 124
560 124
561 124
562 124
563 124
564 124
579 124
580 124
810 124
811 124
812 124
813 124
814 124
815 124
817 124
1292 124
1366 124
1619 124
29 125
38 125
47 125
118 125
119 125
123 125
124 125
126 125
127 125
128 125
130 125
204 125
252 125
300 125
302 125
334 125
550 125
554 125
555 125
556 125
558 125
559 125
560 125
561 125
562 125
563 125
564 125
579 125
580 125
810 125
811 125
812 125
813 125
814 125
815 125
817 125
1292 125
1366 125
1619 125
29 126
38 126
47 126
118 126
119 126
123 126
124 126
125 126
127 126
128 126
130 126
204 126
252 126
273 126
300 126
302 126
334 126
550 126
554 126
555 126
556 126
558 126
559 126
560 126
561 126
562 126
563 126
564 126
579 126
580 126
810 126
811 126
812 126
813 126
814 126
815 126
817 126
980 126
1292 126
1366 126
1619 126
29 127
126 127
128 127
579 127
580 127
29 128
126 128
127 128
579 128
580 128
29 129
118 129
130 129
334 129
29 130
118 130
334 130
29 131
7 132
30 132
31 132
36 132
37 132
40 132
42 132
44 132
45 132
47 132
74 132
81 132
106 132
112 132
122 132
133 132
134 132
135 132
136 132
137 132
154 132
156 132
178 132
180 132
182 132
183 132
184 132
185 132
187 132
188 132
193 132
194 132
195 132
196 132
197 132
198 132
199 132
201 132
202 132
205 132
214 132
256 132
261 132
262 132
263 132
265 132
266 132
267 132
268 132
269 132
270 132
272 132
273 132
275 132
276 132
277 132
278 132
279 132
280 132
281 132
282 132
283 132
284 132
285 132
286 132
287 132
288 132
289 132
290 132
291 132
292 132
293 132
294 132
295 132
296 132
297 132
298 132
299 132
301 132
304 132
305 132
306 132
308 132
310 132
311 132
312 132
313 132
314 132
315 132
316 132
317 132
318 132
319 132
320 132
321 132
322 132
323 132
332 132
497 132
498 132
501 132
502 132
503 132
505 132
521 132
555 132
584 132
586 132
587 132
598 132
599 132
669 132
670 132
784 132
794 132
796 132
802 132
803 132
818 132
819 132
820 132
821 132
889 132
890 132
945 132
946 132
947 132
948 132
949 132
950 132
951 132
952 132
953 132
954 132
955 132
956 132
957 132
958 132
959 132
960 132
961 132
962 132
964 132
965 132
966 132
967 132
968 132
969 132
971 132
972 132
973 132
974 132
975 132
976 132
977 132
978 132
979 132
980 132
981 132
982 132
983 132
984 132
985 132
986 132
987 132
988 132
989 132
994 132
997 132
998 132
999 132
1000 132
1001 132
1002 132
1005 132
1006 132
1007 132
1008 132
1011 132
1012 132
1013 132
1014 132
1015 132
1016 132
1017 132
1018 132
1019 132
1023 132
1024 132
1028 132
1196 132
1197 132
1290 132
1291 132
1461 132
1462 132
1463 132
1464 132
1465 132
1466 132
1535 132
1589 132
1590 132
1591 132
1607 132
1895 132
2782 132
3151 132
30 133
137 133
30 134
30 135
136 135
137 135
30 136
134 136
135 136
137 136
598 136
30 137
133 137
134 137
135 137
136 137
598 137
599 137
31 138
47 138
143 138
144 138
145 138
146 138
149 138
150 138
151 138
153 138
154 138
203 138
584 138
614 138
622 138
623 138
624 138
625 138
626 138
648 138
649 138
650 138
651 138
652 138
653 138
654 138
655 138
656 138
657 138
668 138
889 138
1305 138
1895 138
2782 138
3151 138
31 139
253 139
31 140
47 140
150 140
448 140
657 140
31 141
47 141
31 142
40 142
47 142
200 142
31 143
41 143
47 143
254 143
3758 143
31 144
47 144
151 144
153 144
614 144
622 144
623 144
624 144
668 144
31 145
38 145
47 145
153 145
164 145
614 145
668 145
687 145
688 145
689 145
31 146
47 146
31 147
47 147
31 148
34 148
47 148
174 148
176 148
178 148
179 148
180 148
181 148
182 148
183 148
184 148
185 148
186 148
187 148
188 148
189 148
623 148
763 148
764 148
765 148
766 148
767 148
769 148
770 148
772 148
773 148
774 148
775 148
776 148
778 148
779 148
780 148
781 148
783 148
784 148
785 148
786 148
787 148
788 148
790 148
791 148
792 148
793 148
794 148
795 148
796 148
797 148
798 148
800 148
1313 148
1314 148
1315 148
1316 148
1317 148
1318 148
1319 148
1320 148
1321 148
1322 148
1323 148
1340 148
1341 148
1344 148
1607 148
31 149
47 149
153 149
614 149
668 149
31 150
47 150
138 150
648 150
649 150
650 150
651 150
652 150
653 150
654 150
655 150
656 150
657 150
1305 150
31 151
47 151
144 151
154 151
584 151
622 151
623 151
624 151
889 151
1895 151
2782 151
3151 151
22 152
31 152
31 153
47 153
154 153
584 153
614 153
889 153
1895 153
2782 153
3151 153
5 154
22 154
32 155
157 155
158 155
159 155
160 155
161 155
162 155
163 155
165 155
166 155
167 155
671 155
672 155
673 155
675 155
676 155
677 155
686 155
32 156
276 156
669 156
670 156
32 157
47 157
155 157
158 157
159 157
160 157
161 157
162 157
163 157
165 157
166 157
167 157
262 157
671 157
672 157
673 157
675 157
676 157
677 157
686 157
32 158
47 158
155 158
157 158
159 158
160 158
161 158
162 158
163 158
165 158
166 158
167 158
236 158
262 158
275 158
277 158
279 158
284 158
395 158
671 158
672 158
673 158
675 158
676 158
677 158
686 158
982 158
983 158
984 158
985 158
986 158
1631 158
2635 158
32 159
47 159
155 159
157 159
158 159
160 159
161 159
162 159
163 159
165 159
166 159
167 159
262 159
671 159
672 159
673 159
675 159
676 159
677 159
686 159
32 160
47 160
155 160
157 160
158 160
159 160
161 160
162 160
163 160
165 160
166 160
167 160
262 160
277 160
279 160
284 160
394 160
671 160
672 160
673 160
675 160
676 160
677 160
686 160
1630 160
2634 160
32 161
47 161
155 161
157 161
158 161
159 161
160 161
162 161
163 161
165 161
166 161
167 161
262 161
291 161
671 161
672 161
673 161
675 161
676 161
677 161
686 161
1012 161
1013 161
1014 161
32 162
47 162
155 162
157 162
158 162
159 162
160 162
161 162
163 162
165 162
166 162
167 162
262 162
671 162
672 162
673 162
675 162
676 162
677 162
686 162
32 163
155 163
157 163
158 163
159 163
160 163
161 163
162 163
165 163
166 163
167 163
671 163
672 163
673 163
675 163
676 163
677 163
686 163
23 164
32 164
47 164
145 164
506 164
507 164
508 164
509 164
510 164
511 164
512 164
513 164
514 164
515 164
516 164
517 164
518 164
625 164
626 164
687 164
688 164
689 164
1537 164
32 165
155 165
157 165
158 165
159 165
160 165
161 165
162 165
163 165
166 165
167 165
671 165
672 165
673 165
675 165
676 165
677 165
686 165
32 166
47 166
155 166
157 166
158 166
159 166
160 166
161 166
162 166
163 166
165 166
167 166
262 166
291 166
671 166
672 166
673 166
675 166
676 166
677 166
686 166
1012 166
1013 166
1014 166
32 167
155 167
157 167
158 167
159 167
160 167
161 167
162 167
163 167
165 167
166 167
671 167
672 167
673 167
675 167
676 167
677 167
686 167
33 168
47 168
169 168
170 168
171 168
172 168
173 168
333 168
709 168
1311 168
33 169
47 169
168 169
170 169
171 169
172 169
173 169
333 169
709 169
1311 169
33 170
47 170
168 170
169 170
171 170
172 170
173 170
333 170
709 170
1311 170
33 171
47 171
168 171
169 171
170 171
172 171
173 171
333 171
709 171
1311 171
33 172
47 172
168 172
169 172
170 172
171 172
173 172
333 172
709 172
1311 172
33 173
168 173
169 173
170 173
171 173
172 173
709 173
1311 173
34 174
47 174
148 174
176 174
178 174
179 174
180 174
181 174
182 174
183 174
184 174
185 174
186 174
187 174
188 174
189 174
763 174
764 174
765 174
766 174
767 174
769 174
770 174
772 174
773 174
774 174
775 174
776 174
778 174
779 174
780 174
781 174
783 174
784 174
785 174
786 174
787 174
788 174
790 174
791 174
792 174
793 174
794 174
795 174
796 174
797 174
798 174
800 174
1313 174
1314 174
1315 174
1316 174
1317 174
1318 174
1319 174
1320 174
1321 174
1322 174
1323 174
1340 174
1341 174
1344 174
1607 174
34 175
47 175
75 175
148 175
174 175
176 175
178 175
179 175
180 175
181 175
182 175
183 175
184 175
185 175
186 175
187 175
188 175
189 175
479 175
480 175
481 175
763 175
764 175
765 175
766 175
767 175
769 175
770 175
772 175
773 175
774 175
775 175
776 175
778 175
779 175
780 175
781 175
783 175
784 175
785 175
786 175
787 175
788 175
790 175
791 175
792 175
793 175
794 175
795 175
796 175
797 175
798 175
800 175
1313 175
1314 175
1315 175
1316 175
1317 175
1318 175
1319 175
1320 175
1321 175
1322 175
1323 175
1340 175
1341 175
1344 175
1607 175
34 176
40 176
47 176
148 176
174 176
178 176
179 176
180 176
181 176
182 176
183 176
184 176
185 176
186 176
187 176
188 176
189 176
763 176
764 176
765 176
766 176
767 176
769 176
770 176
772 176
773 176
774 176
775 176
776 176
778 176
779 176
780 176
781 176
783 176
784 176
785 176
786 176
787 176
788 176
790 176
791 176
792 176
793 176
794 176
795 176
796 176
797 176
798 176
800 176
1313 176
1314 176
1315 176
1316 176
1317 176
1318 176
1319 176
1320 176
1321 176
1322 176
1323 176
1340 176
1341 176
1344 176
1607 176
34 177
148 177
174 177
176 177
178 177
179 177
180 177
181 177
182 177
183 177
184 177
185 177
186 177
187 177
188 177
189 177
763 177
764 177
765 177
766 177
767 177
769 177
770 177
772 177
773 177
774 177
775 177
776 177
778 177
779 177
780 177
781 177
783 177
784 177
785 177
786 177
787 177
788 177
790 177
791 177
792 177
793 177
794 177
795 177
796 177
797 177
798 177
800 177
1313 177
1314 177
1315 177
1316 177
1317 177
1318 177
1319 177
1320 177
1321 177
1322 177
1323 177
1340 177
1341 177
1344 177
1607 177
34 178
34 179
47 179
174 179
176 179
184 179
189 179
763 179
765 179
766 179
767 179
769 179
770 179
800 179
1313 179
1314 179
1315 179
1316 179
1317 179
1318 179
1319 179
1320 179
1321 179
1322 179
1323 179
34 180
47 180
174 180
176 180
189 180
772 180
773 180
800 180
1340 180
34 181
47 181
174 181
176 181
189 181
774 181
775 181
776 181
800 181
34 182
189 182
778 182
779 182
800 182
34 183
47 183
174 183
176 183
189 183
780 183
781 183
800 183
34 184
47 184
174 184
176 184
189 184
783 184
784 184
785 184
786 184
787 184
800 184
1341 184
34 185
47 185
174 185
176 185
189 185
788 185
790 185
800 185
34 186
47 186
174 186
176 186
189 186
791 186
792 186
793 186
800 186
34 187
47 187
174 187
176 187
189 187
794 187
795 187
796 187
800 187
1344 187
34 188
47 188
174 188
176 188
189 188
797 188
798 188
800 188
34 189
179 189
180 189
181 189
182 189
183 189
184 189
185 189
186 189
187 189
188 189
6 190
6 191
190 191
35 192
47 192
801 192
36 193
40 193
47 193
142 193
194 193
195 193
196 193
197 193
198 193
199 193
200 193
212 193
213 193
214 193
215 193
216 193
217 193
218 193
219 193
220 193
235 193
236 193
237 193
238 193
239 193
240 193
242 193
243 193
244 193
245 193
246 193
247 193
248 193
250 193
251 193
253 193
303 193
304 193
332 193
617 193
618 193
619 193
802 193
803 193
808 193
809 193
824 193
825 193
826 193
830 193
831 193
832 193
833 193
834 193
835 193
869 193
870 193
871 193
872 193
873 193
874 193
1023 193
1535 193
36 194
47 194
193 194
195 194
196 194
197 194
198 194
199 194
304 194
332 194
802 194
803 194
1023 194
1535 194
24 195
36 195
41 195
47 195
87 195
193 195
196 195
197 195
198 195
199 195
254 195
304 195
332 195
1023 195
1535 195
36 196
41 196
47 196
193 196
195 196
197 196
198 196
199 196
254 196
304 196
332 196
1023 196
1535 196
36 197
47 197
193 197
195 197
196 197
198 197
199 197
304 197
332 197
1023 197
1535 197
36 198
45 198
47 198
193 198
195 198
196 198
197 198
199 198
294 198
295 198
296 198
297 198
298 198
299 198
301 198
304 198
332 198
1023 198
1535 198
36 199
41 199
47 199
193 199
195 199
196 199
197 199
198 199
254 199
304 199
332 199
1023 199
1535 199
36 200
40 200
47 200
193 200
195 200
196 200
197 200
198 200
199 200
214 200
216 200
235 200
304 200
332 200
482 200
489 200
826 200
876 200
884 200
1023 200
1535 200
1838 200
1845 200
1914 200
1915 200
1916 200
1917 200
1918 200
1919 200
2817 200
2818 200
2819 200
2820 200
2821 200
2822 200
37 201
47 201
84 201
202 201
500 201
37 202
47 202
84 202
196 202
201 202
500 202
38 203
153 203
614 203
668 203
38 204
122 204
308 204
810 204
811 204
812 204
813 204
814 204
815 204
38 205
47 205
271 205
818 205
819 205
820 205
821 205
38 206
7 207
497 207
586 207
7 208
104 208
497 208
586 208
609 208
7 209
497 209
586 209
621 209
1823 209
1826 209
1827 209
7 210
497 210
586 210
621 210
39 211
47 211
40 212
47 212
142 212
200 212
213 212
214 212
215 212
216 212
217 212
218 212
219 212
220 212
235 212
236 212
237 212
238 212
239 212
240 212
242 212
243 212
244 212
245 212
246 212
247 212
248 212
250 212
251 212
253 212
303 212
490 212
491 212
617 212
618 212
619 212
808 212
809 212
824 212
825 212
826 212
830 212
831 212
832 212
833 212
834 212
835 212
869 212
870 212
871 212
872 212
873 212
874 212
885 212
886 212
1846 212
1847 212
40 213
47 213
142 213
200 213
212 213
214 213
215 213
216 213
217 213
218 213
219 213
220 213
235 213
236 213
237 213
238 213
239 213
240 213
242 213
243 213
244 213
245 213
246 213
247 213
248 213
250 213
251 213
253 213
303 213
617 213
618 213
619 213
808 213
809 213
824 213
825 213
826 213
830 213
831 213
832 213
833 213
834 213
835 213
869 213
870 213
871 213
872 213
873 213
874 213
40 214
47 214
142 214
200 214
212 214
213 214
215 214
216 214
217 214
218 214
219 214
220 214
235 214
236 214
237 214
238 214
239 214
240 214
242 214
243 214
244 214
245 214
246 214
247 214
248 214
250 214
251 214
253 214
303 214
489 214
617 214
618 214
619 214
808 214
809 214
824 214
825 214
826 214
830 214
831 214
832 214
833 214
834 214
835 214
869 214
870 214
871 214
872 214
873 214
874 214
884 214
1845 214
40 215
47 215
142 215
200 215
212 215
213 215
214 215
216 215
217 215
218 215
219 215
220 215
235 215
236 215
237 215
238 215
239 215
240 215
242 215
243 215
244 215
245 215
246 215
247 215
248 215
250 215
251 215
253 215
303 215
489 215
617 215
618 215
619 215
808 215
809 215
824 215
825 215
826 215
830 215
831 215
832 215
833 215
834 215
835 215
869 215
870 215
871 215
872 215
873 215
874 215
884 215
1845 215
40 216
47 216
142 216
200 216
212 216
213 216
214 216
215 216
217 216
218 216
219 216
220 216
235 216
236 216
237 216
238 216
239 216
240 216
242 216
243 216
244 216
245 216
246 216
247 216
248 216
250 216
251 216
253 216
303 216
617 216
618 216
619 216
808 216
809 216
824 216
825 216
826 216
830 216
831 216
832 216
833 216
834 216
835 216
869 216
870 216
871 216
872 216
873 216
874 216
20 217
40 217
47 217
142 217
200 217
212 217
213 217
214 217
215 217
216 217
218 217
219 217
220 217
221 217
235 217
236 217
237 217
238 217
239 217
240 217
242 217
243 217
244 217
245 217
246 217
247 217
248 217
250 217
251 217
253 217
303 217
617 217
618 217
619 217
630 217
808 217
809 217
824 217
825 217
826 217
830 217
831 217
832 217
833 217
834 217
835 217
869 217
870 217
871 217
872 217
873 217
874 217
880 217
40 218
142 218
214 218
215 218
216 218
219 218
220 218
235 218
236 218
237 218
238 218
242 218
243 218
244 218
245 218
246 218
247 218
248 218
250 218
303 218
617 218
618 218
619 218
826 218
830 218
831 218
832 218
833 218
834 218
835 218
870 218
871 218
874 218
40 219
218 219
40 220
218 220
219 220
8 221
95 221
96 221
97 221
98 221
100 221
101 221
103 221
104 221
226 221
227 221
228 221
229 221
230 221
340 221
352 221
373 221
374 221
375 221
376 221
377 221
378 221
379 221
381 221
417 221
418 221
419 221
420 221
421 221
422 221
423 221
424 221
528 221
574 221
597 221
601 221
602 221
603 221
604 221
606 221
607 221
608 221
609 221
935 221
936 221
937 221
1161 221
1162 221
1163 221
1164 221
1165 221
1166 221
1167 221
1169 221
1179 221
1180 221
1181 221
1182 221
1183 221
1184 221
1185 221
1186 221
1284 221
1285 221
1286 221
1287 221
1548 221
1641 221
1642 221
1643 221
1644 221
1645 221
1646 221
1647 221
1649 221
1657 221
1658 221
1659 221
1660 221
1661 221
1662 221
1663 221
1664 221
2341 221
2342 221
2343 221
2344 221
2376 221
2714 221
2715 221
2716 221
2717 221
3123 221
3207 221
3231 221
3232 221
3499 221
8 222
95 222
96 222
97 222
98 222
100 222
101 222
103 222
104 222
226 222
227 222
228 222
229 222
230 222
340 222
352 222
373 222
374 222
375 222
376 222
377 222
378 222
379 222
381 222
417 222
418 222
419 222
420 222
421 222
422 222
423 222
424 222
528 222
574 222
597 222
601 222
602 222
603 222
604 222
606 222
607 222
608 222
609 222
935 222
936 222
937 222
1161 222
1162 222
1163 222
1164 222
1165 222
1166 222
1167 222
1169 222
1179 222
1180 222
1181 222
1182 222
1183 222
1184 222
1185 222
1186 222
1284 222
1285 222
1286 222
1287 222
1548 222
1641 222
1642 222
1643 222
1644 222
1645 222
1646 222
1647 222
1649 222
1657 222
1658 222
1659 222
1660 222
1661 222
1662 222
1663 222
1664 222
2341 222
2342 222
2343 222
2344 222
2376 222
2714 222
2715 222
2716 222
2717 222
3123 222
3207 222
3231 222
3232 222
3499 222
8 223
8 224
88 224
225 224
227 224
229 224
892 224
893 224
894 224
895 224
935 224
936 224
937 224
2988 224
8 225
88 225
227 225
229 225
935 225
936 225
937 225
8 226
88 226
227 226
229 226
935 226
936 226
937 226
2988 226
8 227
88 227
229 227
935 227
936 227
937 227
8 228
88 228
227 228
229 228
935 228
936 228
937 228
8 229
88 229
227 229
596 229
935 229
936 229
937 229
2989 229
8 230
88 230
227 230
229 230
935 230
936 230
937 230
40 231
237 231
303 231
40 232
40 233
40 234
40 235
214 235
826 235
40 236
214 236
235 236
826 236
40 237
40 238
40 239
40 240
94 240
217 240
323 240
483 240
600 240
877 240
1839 240
40 241
47 241
1196 241
1197 241
40 242
216 242
489 242
884 242
1845 242
40 243
40 244
216 244
40 245
216 245
40 246
47 246
200 246
40 247
20 248
40 248
47 248
212 248
218 248
221 248
490 248
491 248
630 248
824 248
880 248
885 248
886 248
1846 248
1847 248
40 249
47 249
74 249
80 249
82 249
112 249
309 249
521 249
1589 249
40 250
200 250
40 251
200 251
238 251
40 252
45 252
47 252
123 252
294 252
295 252
296 252
297 252
298 252
299 252
300 252
301 252
302 252
554 252
555 252
556 252
617 252
40 253
238 253
41 254
47 254
42 255
47 255
256 255
42 256
42 257
47 257
194 257
256 257
802 257
803 257
43 258
43 259
43 260
44 261
947 261
948 261
949 261
950 261
951 261
44 262
47 262
305 262
306 262
952 262
953 262
954 262
955 262
956 262
957 262
1024 262
44 263
47 263
44 264
47 264
261 264
945 264
946 264
947 264
948 264
949 264
950 264
951 264
44 265
47 265
958 265
959 265
44 266
47 266
960 266
44 267
47 267
262 267
961 267
962 267
964 267
965 267
966 267
967 267
44 268
47 268
613 268
968 268
969 268
1295 268
1296 268
44 269
47 269
44 270
47 270
269 270
971 270
44 271
44 272
47 272
622 272
972 272
973 272
974 272
975 272
976 272
977 272
978 272
979 272
44 273
47 273
980 273
44 274
1466 274
44 275
47 275
622 275
982 275
983 275
984 275
985 275
986 275
44 276
47 276
156 276
669 276
670 276
44 277
47 277
622 277
987 277
988 277
44 278
47 278
279 278
3787 278
44 279
47 279
989 279
44 280
47 280
991 280
992 280
994 280
2129 280
3156 280
3157 280
3158 280
3159 280
3160 280
3161 280
3162 280
3163 280
3164 280
3730 280
3739 280
5510 280
44 281
47 281
997 281
44 282
47 282
998 282
999 282
1000 282
1001 282
44 283
47 283
1002 283
44 284
47 284
622 284
1003 284
1005 284
44 285
47 285
979 285
44 286
47 286
44 287
47 287
44 288
47 288
622 288
1006 288
1007 288
44 289
47 289
1008 289
44 290
47 290
622 290
1011 290
44 291
47 291
1012 291
1013 291
1014 291
3787 291
44 292
47 292
1015 292
1016 292
1017 292
44 293
47 293
1018 293
1019 293
45 294
295 294
296 294
297 294
298 294
299 294
301 294
45 295
294 295
296 295
297 295
298 295
299 295
301 295
45 296
294 296
295 296
297 296
298 296
299 296
301 296
45 297
47 297
294 297
295 297
296 297
298 297
299 297
301 297
45 298
47 298
294 298
295 298
296 298
297 298
299 298
301 298
45 299
294 299
295 299
296 299
297 299
298 299
301 299
45 300
47 300
123 300
252 300
294 300
295 300
296 300
297 300
298 300
299 300
301 300
302 300
554 300
555 300
556 300
2193 300
45 301
294 301
295 301
296 301
297 301
298 301
299 301
45 302
47 302
123 302
252 302
294 302
295 302
296 302
297 302
298 302
299 302
300 302
301 302
554 302
555 302
556 302
47 303
200 303
212 303
213 303
217 303
218 303
239 303
240 303
251 303
253 303
808 303
809 303
824 303
825 303
869 303
872 303
873 303
47 304
1196 304
1197 304
47 305
262 305
306 305
952 305
953 305
954 305
955 305
956 305
957 305
47 306
262 306
305 306
498 306
587 306
890 306
952 306
953 306
954 306
955 306
956 306
957 306
1024 306
47 307
262 307
305 307
306 307
952 307
953 307
954 307
955 307
956 307
957 307
1466 307
47 308
